# r_nm potential_V
0.000000000000000000e+00 1.539374899684499420e-01
2.512562814070351980e+00 1.537138306935984244e-01
5.025125628140703959e+00 1.536833639207842439e-01
7.537688442211056383e+00 1.538143412491850270e-01
1.005025125628140792e+01 1.539241315316169367e-01
1.256281407035175945e+01 1.541091775398671648e-01
1.507537688442211277e+01 1.543722835805900195e-01
1.758793969849246253e+01 1.545372879012446854e-01
2.010050251256281584e+01 1.547828360965537997e-01
2.261306532663316915e+01 1.549928541881701871e-01
2.512562814070351891e+01 1.552433062577842360e-01
2.763819095477387222e+01 1.554467357987404097e-01
3.015075376884422553e+01 1.556883188032808785e-01
3.266331658291457529e+01 1.558413069161518061e-01
3.517587939698492505e+01 1.560400871695643565e-01
3.768844221105528192e+01 1.561769572528666494e-01
4.020100502512563168e+01 1.562874783292363678e-01
4.271356783919598143e+01 1.564527373110626007e-01
4.522613065326633830e+01 1.565053975450224621e-01
4.773869346733668806e+01 1.566726807769995011e-01
5.025125628140703782e+01 1.567686140532872363e-01
5.276381909547739468e+01 1.568616186480091823e-01
5.527638190954774444e+01 1.569333605514770802e-01
5.778894472361809420e+01 1.569881580672952970e-01
6.030150753768845107e+01 1.571093926506170468e-01
6.281407035175880083e+01 1.571485129090705868e-01
6.532663316582915058e+01 1.572270819441624889e-01
6.783919597989950034e+01 1.572434760892640060e-01
7.035175879396985010e+01 1.572751701664170110e-01
7.286432160804021407e+01 1.572813294231203141e-01
7.537688442211056383e+01 1.573577977246642667e-01
7.788944723618091359e+01 1.573609305302539618e-01
8.040201005025126335e+01 1.574162626182292191e-01
8.291457286432161311e+01 1.575044488639394669e-01
8.542713567839196287e+01 1.574796574936813132e-01
8.793969849246231263e+01 1.575182102556246244e-01
9.045226130653267660e+01 1.575465351811715931e-01
9.296482412060302636e+01 1.575678813662107214e-01
9.547738693467337612e+01 1.575470647004535707e-01
9.798994974874372588e+01 1.576121910143907512e-01
1.005025125628140756e+02 1.576392742381489132e-01
1.030150753768844254e+02 1.575739318641004860e-01
1.055276381909547894e+02 1.575718776737738691e-01
1.080402010050251391e+02 1.576944092019454680e-01
1.105527638190954889e+02 1.576837665348043149e-01
1.130653266331658386e+02 1.576890042243421775e-01
1.155778894472361884e+02 1.576293097987329639e-01
1.180904522613065382e+02 1.577124188985852549e-01
1.206030150753769021e+02 1.577166393935883482e-01
1.231155778894472519e+02 1.577177707075225477e-01
1.256281407035176017e+02 1.577301421886184718e-01
1.281407035175879514e+02 1.577658824060420018e-01
1.306532663316583012e+02 1.577733417102498981e-01
1.331658291457286509e+02 1.577402518506157147e-01
1.356783919597990007e+02 1.577669343270012570e-01
1.381909547738693504e+02 1.577714824140553640e-01
1.407035175879397002e+02 1.577788989248936347e-01
1.432160804020100500e+02 1.577256083338860471e-01
1.457286432160804281e+02 1.577899663993766743e-01
1.482412060301507779e+02 1.577841220467441075e-01
1.507537688442211277e+02 1.578070254924703042e-01
1.532663316582914774e+02 1.578164499773496432e-01
1.557788944723618272e+02 1.578227349423189096e-01
1.582914572864321769e+02 1.577882058060480763e-01
1.608040201005025267e+02 1.577644854154271747e-01
1.633165829145728765e+02 1.578485095101175018e-01
1.658291457286432262e+02 1.578430680378458961e-01
1.683417085427135760e+02 1.578499852235390744e-01
1.708542713567839257e+02 1.578528788118765958e-01
1.733668341708542755e+02 1.578514804694077789e-01
1.758793969849246253e+02 1.578674724275116736e-01
1.783919597989950034e+02 1.578553221483538216e-01
1.809045226130653532e+02 1.578656010604102267e-01
1.834170854271357030e+02 1.578561104876656240e-01
1.859296482412060527e+02 1.578386188327515760e-01
1.884422110552764025e+02 1.578850910253862261e-01
1.909547738693467522e+02 1.578755049575482627e-01
1.934673366834171020e+02 1.578742137052422945e-01
1.959798994974874518e+02 1.578505877981225825e-01
1.984924623115578015e+02 1.579079115808635358e-01
2.010050251256281513e+02 1.578931205800873927e-01
2.035175879396985010e+02 1.579110284348323179e-01
2.060301507537688508e+02 1.578816488005357066e-01
2.085427135678392006e+02 1.578825147888092972e-01
2.110552763819095787e+02 1.578900055700491190e-01
2.135678391959799285e+02 1.578891552363525796e-01
2.160804020100502782e+02 1.578820977222668287e-01
2.185929648241206280e+02 1.578996598474142754e-01
2.211055276381909778e+02 1.578912888008596194e-01
2.236180904522613275e+02 1.579445267640020856e-01
2.261306532663316773e+02 1.579101991015180451e-01
2.286432160804020270e+02 1.579163682115064526e-01
2.311557788944723768e+02 1.579308757949439979e-01
2.336683417085427266e+02 1.579366065430923838e-01
2.361809045226130763e+02 1.579215687446873517e-01
2.386934673366834261e+02 1.579367024897598282e-01
2.412060301507538043e+02 1.578740255058280473e-01
2.437185929648241540e+02 1.579370129776518916e-01
2.462311557788945038e+02 1.579837431881731813e-01
2.487437185929648535e+02 1.579027595762602376e-01
2.512562814070352033e+02 1.579308836432487817e-01
2.537688442211055531e+02 1.579438284471774423e-01
2.562814070351759028e+02 1.579265255470495843e-01
2.587939698492462526e+02 1.579564972665239986e-01
2.613065326633166023e+02 1.579475290830321121e-01
2.638190954773869521e+02 1.579123976277213570e-01
2.663316582914573019e+02 1.579330898256076920e-01
2.688442211055276516e+02 1.579360527232894773e-01
2.713567839195980014e+02 1.579511739637105561e-01
2.738693467336683511e+02 1.579519368983891281e-01
2.763819095477387009e+02 1.579668125017843761e-01
2.788944723618090507e+02 1.579434824264328574e-01
2.814070351758794004e+02 1.579540865020442608e-01
2.839195979899497502e+02 1.579524762729213605e-01
2.864321608040200999e+02 1.579302022372486014e-01
2.889447236180904497e+02 1.579514805615031547e-01
2.914572864321608563e+02 1.579984778870614226e-01
2.939698492462312061e+02 1.579121081524545167e-01
2.964824120603015558e+02 1.579602294672167728e-01
2.989949748743719056e+02 1.579336893453240631e-01
3.015075376884422553e+02 1.579711469411681501e-01
3.040201005025126051e+02 1.578822560994045943e-01
3.065326633165829548e+02 1.579886200393757767e-01
3.090452261306533046e+02 1.579286010140755203e-01
3.115577889447236544e+02 1.579645751886550598e-01
3.140703517587940041e+02 1.579426066679867346e-01
3.165829145728643539e+02 1.580110572907337807e-01
3.190954773869347036e+02 1.579613913734957686e-01
3.216080402010050534e+02 1.579240672998716288e-01
3.241206030150754032e+02 1.579448311740921929e-01
3.266331658291457529e+02 1.579616283664549703e-01
3.291457286432161027e+02 1.579817744933770529e-01
3.316582914572864524e+02 1.579450949839528440e-01
3.341708542713568022e+02 1.579365028210332200e-01
3.366834170854271520e+02 1.579533474037511098e-01
3.391959798994975017e+02 1.579310766908615382e-01
3.417085427135678515e+02 1.579296702180095491e-01
3.442211055276382012e+02 1.579073074335176352e-01
3.467336683417085510e+02 1.580087612438976219e-01
3.492462311557789008e+02 1.580177081827081331e-01
3.517587939698492505e+02 1.579310061185305036e-01
3.542713567839196571e+02 1.579572462088997820e-01
3.567839195979900069e+02 1.579755128321164159e-01
3.592964824120603566e+02 1.579818606589716845e-01
3.618090452261307064e+02 1.579590381871602278e-01
3.643216080402010562e+02 1.579938401412482041e-01
3.668341708542714059e+02 1.579783866951237348e-01
3.693467336683417557e+02 1.579827396170133957e-01
3.718592964824121054e+02 1.579534561211131949e-01
3.743718592964824552e+02 1.579676097029104609e-01
3.768844221105528050e+02 1.579898887904012950e-01
3.793969849246231547e+02 1.579653153993830217e-01
3.819095477386935045e+02 1.579438644495409494e-01
3.844221105527638542e+02 1.579882411536515097e-01
3.869346733668342040e+02 1.579577925618798062e-01
3.894472361809045537e+02 1.579997413431866449e-01
3.919597989949749035e+02 1.579425195405281812e-01
3.944723618090452533e+02 1.579643317069049924e-01
3.969849246231156030e+02 1.579583947831707524e-01
3.994974874371859528e+02 1.579696331094557760e-01
4.020100502512563025e+02 1.579564739209507740e-01
4.045226130653266523e+02 1.580193794195160761e-01
4.070351758793970021e+02 1.579718200300297137e-01
4.095477386934673518e+02 1.580136704963783223e-01
4.120603015075377016e+02 1.579760986099973674e-01
4.145728643216080513e+02 1.579491022015141188e-01
4.170854271356784011e+02 1.579724609612748187e-01
4.195979899497488077e+02 1.579267588803967282e-01
4.221105527638191575e+02 1.580054928205962272e-01
4.246231155778895072e+02 1.579684302119793715e-01
4.271356783919598570e+02 1.579858632133608332e-01
4.296482412060302067e+02 1.579697282750409659e-01
4.321608040201005565e+02 1.579829937443610333e-01
4.346733668341709063e+02 1.579468642125727573e-01
4.371859296482412560e+02 1.579715911696860098e-01
4.396984924623116058e+02 1.579811287542059461e-01
4.422110552763819555e+02 1.579661269805180401e-01
4.447236180904523053e+02 1.580131875897270444e-01
4.472361809045226551e+02 1.579436194343963318e-01
4.497487437185930048e+02 1.579733263743319793e-01
4.522613065326633546e+02 1.580108335033879041e-01
4.547738693467337043e+02 1.579467819787042093e-01
4.572864321608040541e+02 1.579534076849288537e-01
4.597989949748744039e+02 1.579728514936497297e-01
4.623115577889447536e+02 1.579499778227546336e-01
4.648241206030151034e+02 1.579583669721288941e-01
4.673366834170854531e+02 1.579200446328684060e-01
4.698492462311558029e+02 1.579836960035598814e-01
4.723618090452261526e+02 1.580087379609721732e-01
4.748743718592965024e+02 1.579536019510147105e-01
4.773869346733668522e+02 1.580072728966433748e-01
4.798994974874372019e+02 1.579507899542213767e-01
4.824120603015076085e+02 1.579503735949418508e-01
4.849246231155779583e+02 1.579230589525788264e-01
4.874371859296483080e+02 1.579236089880679539e-01
4.899497487437186578e+02 1.579286152911591468e-01
4.924623115577890076e+02 1.579288769046396645e-01
4.949748743718593573e+02 1.578978934562937642e-01
4.974874371859297071e+02 1.579356402892857225e-01
5.000000000000000000e+02 1.580406111081629206e-01
