# r_nm potential_V
0.000000000000000000e+00 1.939837820616240327e-01
2.512562814070351980e+00 1.930140082432661996e-01
5.025125628140703959e+00 1.922541391175022485e-01
7.537688442211056383e+00 1.915621475633242921e-01
1.005025125628140792e+01 1.904024490937212266e-01
1.256281407035175945e+01 1.891679322306381583e-01
1.507537688442211277e+01 1.879013869439286888e-01
1.758793969849246253e+01 1.862615503929354599e-01
2.010050251256281584e+01 1.847573053567909684e-01
2.261306532663316915e+01 1.830567113820034120e-01
2.512562814070351891e+01 1.815166886546473457e-01
2.763819095477387222e+01 1.799522012552038641e-01
3.015075376884422553e+01 1.784993407914121644e-01
3.266331658291457529e+01 1.769938834782856518e-01
3.517587939698492505e+01 1.756717184938592358e-01
3.768844221105528192e+01 1.743675072861193276e-01
4.020100502512563168e+01 1.731352347528471725e-01
4.271356783919598143e+01 1.720807253671531034e-01
4.522613065326633830e+01 1.709566229911989033e-01
4.773869346733668806e+01 1.701220744625420167e-01
5.025125628140703782e+01 1.692612404590600472e-01
5.276381909547739468e+01 1.684841447617315968e-01
5.527638190954774444e+01 1.677455885228342491e-01
5.778894472361809420e+01 1.670642641033706355e-01
6.030150753768845107e+01 1.665353320290181849e-01
6.281407035175880083e+01 1.659515677351842688e-01
6.532663316582915058e+01 1.654756940145624966e-01
6.783919597989950034e+01 1.649679424641955217e-01
7.035175879396985010e+01 1.645254271369519516e-01
7.286432160804021407e+01 1.640957245583179458e-01
7.537688442211056383e+01 1.637899439743875085e-01
7.788944723618091359e+01 1.634159440862283652e-01
8.040201005025126335e+01 1.631380524201257454e-01
8.291457286432161311e+01 1.629229821910448961e-01
8.542713567839196287e+01 1.625959250394256317e-01
8.793969849246231263e+01 1.623676001462397434e-01
9.045226130653267660e+01 1.621449591045037164e-01
9.296482412060302636e+01 1.619342018515046722e-01
9.547738693467337612e+01 1.616833028557359553e-01
9.798994974874372588e+01 1.615516813409707542e-01
1.005025125628140756e+02 1.613909964453195123e-01
1.030150753768844254e+02 1.611331084918745937e-01
1.055276381909547894e+02 1.609562141913499222e-01
1.080402010050251391e+02 1.609336274217281482e-01
1.105527638190954889e+02 1.607672174692117151e-01
1.130653266331658386e+02 1.606284552951403322e-01
1.155778894472361884e+02 1.604236725984355960e-01
1.180904522613065382e+02 1.603890453761446233e-01
1.206030150753769021e+02 1.602718967789315274e-01
1.231155778894472519e+02 1.601560705231604154e-01
1.256281407035176017e+02 1.600588005177688011e-01
1.281407035175879514e+02 1.599930568172341916e-01
1.306532663316583012e+02 1.599007052774355786e-01
1.331658291457286509e+02 1.597688494809459403e-01
1.356783919597990007e+02 1.597066990716638768e-01
1.381909547738693504e+02 1.596250591449099865e-01
1.407035175879397002e+02 1.595517294212379367e-01
1.432160804020100500e+02 1.594144437107804513e-01
1.457286432160804281e+02 1.594072621031321357e-01
1.482412060301507779e+02 1.593269332139219674e-01
1.507537688442211277e+02 1.592816359220767808e-01
1.532663316582914774e+02 1.592251799946876323e-01
1.557788944723618272e+02 1.591678722748000041e-01
1.582914572864321769e+02 1.590695664615431326e-01
1.608040201005025267e+02 1.589833843377045919e-01
1.633165829145728765e+02 1.590159108317500403e-01
1.658291457286432262e+02 1.589538456726032334e-01
1.683417085427135760e+02 1.589073513972789620e-01
1.708542713567839257e+02 1.588584700438565867e-01
1.733668341708542755e+02 1.588070377464186334e-01
1.758793969849246253e+02 1.587765155881923351e-01
1.783919597989950034e+02 1.587168102979782669e-01
1.809045226130653532e+02 1.586826908896803723e-01
1.834170854271357030e+02 1.586299463252045516e-01
1.859296482412060527e+02 1.585693707800657493e-01
1.884422110552764025e+02 1.585779757463110784e-01
1.909547738693467522e+02 1.585288590817976739e-01
1.934673366834171020e+02 1.584888194176305998e-01
1.959798994974874518e+02 1.584276832294583826e-01
1.984924623115578015e+02 1.584524124873680495e-01
2.010050251256281513e+02 1.584021348512034411e-01
2.035175879396985010e+02 1.583876258311743834e-01
2.060301507537688508e+02 1.583234619352283379e-01
2.085427135678392006e+02 1.582929729204634040e-01
2.110552763819095787e+02 1.582707403929665968e-01
2.135678391959799285e+02 1.582401772803570805e-01
2.160804020100502782e+02 1.582043968831851055e-01
2.185929648241206280e+02 1.581959089309292465e-01
2.211055276381909778e+02 1.581606006624774741e-01
2.236180904522613275e+02 1.581906593090916524e-01
2.261306532663316773e+02 1.581286965733574856e-01
2.286432160804020270e+02 1.581094919638145191e-01
2.311557788944723768e+02 1.581004859278511143e-01
2.336683417085427266e+02 1.580827406165403459e-01
2.361809045226130763e+02 1.580436382870701595e-01
2.386934673366834261e+02 1.580369433093249398e-01
2.412060301507538043e+02 1.579504980283486792e-01
2.437185929648241540e+02 1.579956742283869786e-01
2.462311557788945038e+02 1.580235911825262352e-01
2.487437185929648535e+02 1.579195027907850102e-01
2.512562814070352033e+02 1.579296740787585751e-01
2.537688442211055531e+02 1.579250977916149545e-01
2.562814070351759028e+02 1.578891825556698325e-01
2.587939698492462526e+02 1.579027899941764790e-01
2.613065326633166023e+02 1.578763981184597154e-01
2.638190954773869521e+02 1.578230762399648601e-01
2.663316582914573019e+02 1.578279707186721059e-01
2.688442211055276516e+02 1.578148656558253371e-01
2.713567839195980014e+02 1.578160865158171611e-01
2.738693467336683511e+02 1.578029395932611101e-01
2.763819095477387009e+02 1.578029748440344937e-01
2.788944723618090507e+02 1.577643597566214251e-01
2.814070351758794004e+02 1.577611869105575437e-01
2.839195979899497502e+02 1.577465715783228639e-01
2.864321608040200999e+02 1.577099279920346764e-01
2.889447236180904497e+02 1.577195236049017124e-01
2.914572864321608563e+02 1.577560939218727309e-01
2.939698492462312061e+02 1.576540682051258413e-01
2.964824120603015558e+02 1.576908163956295406e-01
2.989949748743719056e+02 1.576520033562798517e-01
3.015075376884422553e+02 1.576805915178350892e-01
3.040201005025126051e+02 1.575783827430036754e-01
3.065326633165829548e+02 1.576777631273967306e-01
3.090452261306533046e+02 1.576054603591657555e-01
3.115577889447236544e+02 1.576314246788740880e-01
3.140703517587940041e+02 1.575997214991849971e-01
3.165829145728643539e+02 1.576605722504035578e-01
3.190954773869347036e+02 1.576008255727494867e-01
3.216080402010050534e+02 1.575538191396069210e-01
3.241206030150754032e+02 1.575661246228332868e-01
3.266331658291457529e+02 1.575754519150218691e-01
3.291457286432161027e+02 1.575870441387426102e-01
3.316582914572864524e+02 1.575417170485209628e-01
3.341708542713568022e+02 1.575273950106338694e-01
3.366834170854271520e+02 1.575367785821598365e-01
3.391959798994975017e+02 1.575056233993439858e-01
3.417085427135678515e+02 1.574966278228664418e-01
3.442211055276382012e+02 1.574665183079186626e-01
3.467336683417085510e+02 1.575632845054862063e-01
3.492462311557789008e+02 1.575648074098164875e-01
3.517587939698492505e+02 1.574691664777871092e-01
3.542713567839196571e+02 1.574904787818293961e-01
3.567839195979900069e+02 1.575033404432040485e-01
3.592964824120603566e+02 1.575035713493227185e-01
3.618090452261307064e+02 1.574746825828180485e-01
3.643216080402010562e+02 1.575045849822355459e-01
3.668341708542714059e+02 1.574834624925958715e-01
3.693467336683417557e+02 1.574831616728252504e-01
3.718592964824121054e+02 1.574480051407451675e-01
3.743718592964824552e+02 1.574578230617724450e-01
3.768844221105528050e+02 1.574757607180369834e-01
3.793969849246231547e+02 1.574454184070858964e-01
3.819095477386935045e+02 1.574188340130033559e-01
3.844221105527638542e+02 1.574599865251480879e-01
3.869346733668342040e+02 1.574242971206308850e-01
3.894472361809045537e+02 1.574627966837811310e-01
3.919597989949749035e+02 1.574013068705963636e-01
3.944723618090452533e+02 1.574208455276138452e-01
3.969849246231156030e+02 1.574112731199936166e-01
3.994974874371859528e+02 1.574184155221785286e-01
4.020100502512563025e+02 1.574006971117045683e-01
4.045226130653266523e+02 1.574609068971177528e-01
4.070351758793970021e+02 1.574085599493949272e-01
4.095477386934673518e+02 1.574489173561094413e-01
4.120603015075377016e+02 1.574080089822419148e-01
4.145728643216080513e+02 1.573778170611527805e-01
4.170854271356784011e+02 1.573996753271608984e-01
4.195979899497488077e+02 1.573502145408008923e-01
4.221105527638191575e+02 1.574270423197557944e-01
4.246231155778895072e+02 1.573861618303575849e-01
4.271356783919598570e+02 1.574020246447868365e-01
4.296482412060302067e+02 1.573831661977320162e-01
4.321608040201005565e+02 1.573951773654808373e-01
4.346733668341709063e+02 1.573558886041436511e-01
4.371859296482412560e+02 1.573781018176111379e-01
4.396984924623116058e+02 1.573854264810475578e-01
4.422110552763819555e+02 1.573682425384279882e-01
4.447236180904523053e+02 1.574150027393624862e-01
4.472361809045226551e+02 1.573429375189123181e-01
4.497487437185930048e+02 1.573706962705415657e-01
4.522613065326633546e+02 1.574075791845260530e-01
4.547738693467337043e+02 1.573414378022796600e-01
4.572864321608040541e+02 1.573464186083368688e-01
4.597989949748744039e+02 1.573648203905263498e-01
4.623115577889447536e+02 1.573403559637482352e-01
4.648241206030151034e+02 1.573483272462069815e-01
4.673366834170854531e+02 1.573086740560318553e-01
4.698492462311558029e+02 1.573725266123878197e-01
4.723618090452261526e+02 1.573966290662300593e-01
4.748743718592965024e+02 1.573393176686220252e-01
4.773869346733668522e+02 1.573933157717100073e-01
4.798994974874372019e+02 1.573358184245899627e-01
4.824120603015076085e+02 1.573365120260758754e-01
4.849246231155779583e+02 1.573088440724390302e-01
4.874371859296483080e+02 1.573097727102277521e-01
4.899497487437186578e+02 1.573139229866838129e-01
4.924623115577890076e+02 1.573131054747457791e-01
4.949748743718593573e+02 1.572818400406144901e-01
4.974874371859297071e+02 1.573203318572768961e-01
5.000000000000000000e+02 1.574267287442936702e-01
