# r_nm potential_V
0.000000000000000000e+00 2.425291747290924393e-01
2.512562814070351980e+00 2.404418917121023402e-01
5.025125628140703959e+00 2.387916814075318750e-01
7.537688442211056383e+00 2.372527924095997887e-01
1.005025125628140792e+01 2.346883220006231452e-01
1.256281407035175945e+01 2.319458279007799717e-01
1.507537688442211277e+01 2.291116098104762633e-01
1.758793969849246253e+01 2.255343578688890349e-01
2.010050251256281584e+01 2.222263445088964451e-01
2.261306532663316915e+01 2.184895432846842012e-01
2.512562814070351891e+01 2.150955061036421423e-01
2.763819095477387222e+01 2.116769579145477975e-01
3.015075376884422553e+01 2.084466524514369534e-01
3.266331658291457529e+01 2.051615942802923753e-01
3.517587939698492505e+01 2.022114799588890233e-01
3.768844221105528192e+01 1.993398562515666939e-01
4.020100502512563168e+01 1.966296806775799932e-01
4.271356783919598143e+01 1.942272739823928118e-01
4.522613065326633830e+01 1.917658714037637491e-01
4.773869346733668806e+01 1.898045673578727111e-01
5.025125628140703782e+01 1.878405516772624351e-01
5.276381909547739468e+01 1.860500205365001325e-01
5.527638190954774444e+01 1.843515580030340995e-01
5.778894472361809420e+01 1.827891373853722246e-01
6.030150753768845107e+01 1.814773072721283520e-01
6.281407035175880083e+01 1.801299633535279887e-01
6.532663316582915058e+01 1.789678967036863466e-01
6.783919597989950034e+01 1.778024642110419828e-01
7.035175879396985010e+01 1.767592207471386789e-01
7.286432160804021407e+01 1.757702940976294537e-01
7.537688442211056383e+01 1.749719595658071891e-01
7.788944723618091359e+01 1.741063847849952662e-01
8.040201005025126335e+01 1.733919258507977401e-01
8.291457286432161311e+01 1.727764020741566486e-01
8.542713567839196287e+01 1.720465994920506170e-01
8.793969849246231263e+01 1.714600096759137937e-01
9.045226130653267660e+01 1.708971855689219721e-01
9.296482412060302636e+01 1.703708822549050150e-01
9.547738693467337612e+01 1.698074535412320007e-01
9.798994974874372588e+01 1.694055812237530156e-01
1.005025125628140756e+02 1.689831488763295919e-01
1.030150753768844254e+02 1.684557075154320127e-01
1.055276381909547894e+02 1.680361734256611284e-01
1.080402010050251391e+02 1.678083549106677286e-01
1.105527638190954889e+02 1.674226093229885526e-01
1.130653266331658386e+02 1.670788277322801108e-01
1.155778894472361884e+02 1.666697926250483019e-01
1.180904522613065382e+02 1.664652462514322473e-01
1.206030150753769021e+02 1.661734808088281001e-01
1.231155778894472519e+02 1.658901610773583224e-01
1.256281407035176017e+02 1.656350660890492932e-01
1.281407035175879514e+02 1.654216114586480879e-01
1.306532663316583012e+02 1.651844276159098457e-01
1.331658291457286509e+02 1.649097900128279059e-01
1.356783919597990007e+02 1.647166906052424662e-01
1.381909547738693504e+02 1.645081430146959067e-01
1.407035175879397002e+02 1.643138293441978592e-01
1.432160804020100500e+02 1.640540878130276048e-01
1.457286432160804281e+02 1.639396371123644780e-01
1.482412060301507779e+02 1.637499355411596302e-01
1.507537688442211277e+02 1.636030195732018633e-01
1.532663316582914774e+02 1.634478456089158149e-01
1.557788944723618272e+02 1.632954369075411694e-01
1.582914572864321769e+02 1.631022670889174797e-01
1.608040201005025267e+02 1.629235640985516043e-01
1.633165829145728765e+02 1.628764827052861797e-01
1.658291457286432262e+02 1.627307789846444419e-01
1.683417085427135760e+02 1.626037500598939700e-01
1.708542713567839257e+02 1.624773057114148878e-01
1.733668341708542755e+02 1.623507901250904328e-01
1.758793969849246253e+02 1.622489929306197565e-01
1.783919597989950034e+02 1.621188215484496153e-01
1.809045226130653532e+02 1.620172551704211761e-01
1.834170854271357030e+02 1.618983932928913239e-01
1.859296482412060527e+02 1.617733380419794087e-01
1.884422110552764025e+02 1.617228620044224852e-01
1.909547738693467522e+02 1.616138501428515672e-01
1.934673366834171020e+02 1.615152414449854135e-01
1.959798994974874518e+02 1.613971314931389456e-01
1.984924623115578015e+02 1.613703538515987301e-01
2.010050251256281513e+02 1.612664915666801313e-01
2.035175879396985010e+02 1.612013605287500873e-01
2.060301507537688508e+02 1.610854890632862357e-01
2.085427135678392006e+02 1.610070287056641347e-01
2.110552763819095787e+02 1.609379059760655817e-01
2.135678391959799285e+02 1.608621943513926789e-01
2.160804020100502782e+02 1.607812839920670089e-01
2.185929648241206280e+02 1.607301327447678008e-01
2.211055276381909778e+02 1.606529905501248578e-01
2.236180904522613275e+02 1.606441619203096138e-01
2.261306532663316773e+02 1.605420424200588447e-01
2.286432160804020270e+02 1.604847735129125985e-01
2.311557788944723768e+02 1.604392715346326381e-01
2.336683417085427266e+02 1.603857147515332371e-01
2.361809045226130763e+02 1.603113990684275070e-01
2.386934673366834261e+02 1.602710769904524546e-01
2.412060301507538043e+02 1.601496780716163415e-01
2.437185929648241540e+02 1.601636127827690825e-01
2.462311557788945038e+02 1.601614797910023147e-01
2.487437185929648535e+02 1.600250670205596026e-01
2.512562814070352033e+02 1.600057757608746578e-01
2.537688442211055531e+02 1.599720067367366994e-01
2.562814070351759028e+02 1.599076501545770856e-01
2.587939698492462526e+02 1.598942649845384589e-01
2.613065326633166023e+02 1.598408852057015828e-01
2.638190954773869521e+02 1.597610296582793465e-01
2.663316582914573019e+02 1.597411143358815622e-01
2.688442211055276516e+02 1.597036809108697830e-01
2.713567839195980014e+02 1.596800806153440278e-01
2.738693467336683511e+02 1.596423457770573817e-01
2.763819095477387009e+02 1.596205364382346503e-01
2.788944723618090507e+02 1.595598848025566452e-01
2.814070351758794004e+02 1.595353028484230995e-01
2.839195979899497502e+02 1.594995467411848278e-01
2.864321608040200999e+02 1.594420877066511366e-01
2.889447236180904497e+02 1.594318766286109690e-01
2.914572864321608563e+02 1.594491322086752094e-01
2.939698492462312061e+02 1.593282758311071190e-01
2.964824120603015558e+02 1.593473328583115134e-01
2.989949748743719056e+02 1.592904435489243820e-01
3.015075376884422553e+02 1.593013070431188727e-01
3.040201005025126051e+02 1.591813025790413672e-01
3.065326633165829548e+02 1.592644169002296606e-01
3.090452261306533046e+02 1.591758025918994512e-01
3.115577889447236544e+02 1.591869968271582558e-01
3.140703517587940041e+02 1.591392714794604146e-01
3.165829145728643539e+02 1.591855519743100023e-01
3.190954773869347036e+02 1.591107714575371312e-01
3.216080402010050534e+02 1.590493246578569275e-01
3.241206030150754032e+02 1.590481805054271558e-01
3.266331658291457529e+02 1.590436572072723986e-01
3.291457286432161027e+02 1.590427061830537170e-01
3.316582914572864524e+02 1.589842252986444771e-01
3.341708542713568022e+02 1.589557884118557307e-01
3.366834170854271520e+02 1.589533857979112119e-01
3.391959798994975017e+02 1.589112192047291983e-01
3.417085427135678515e+02 1.588910311565451539e-01
3.442211055276382012e+02 1.588499766577586014e-01
3.467336683417085510e+02 1.589364553261254365e-01
3.492462311557789008e+02 1.589282669551349003e-01
3.517587939698492505e+02 1.588226661901362136e-01
3.542713567839196571e+02 1.588335862120495989e-01
3.567839195979900069e+02 1.588365762095689249e-01
3.592964824120603566e+02 1.588278621094374454e-01
3.618090452261307064e+02 1.587896917539049213e-01
3.643216080402010562e+02 1.588106285318525712e-01
3.668341708542714059e+02 1.587809578886249240e-01
3.693467336683417557e+02 1.587719165312524439e-01
3.718592964824121054e+02 1.587288395637631300e-01
3.743718592964824552e+02 1.587306471124794449e-01
3.768844221105528050e+02 1.587408242059241414e-01
3.793969849246231547e+02 1.587036460012282713e-01
3.819095477386935045e+02 1.586700310793238977e-01
3.844221105527638542e+02 1.587038877163748085e-01
3.869346733668342040e+02 1.586617112774272587e-01
3.894472361809045537e+02 1.586937686651238855e-01
3.919597989949749035e+02 1.586252007783177931e-01
3.944723618090452533e+02 1.586375869126556148e-01
3.969849246231156030e+02 1.586218781991740878e-01
3.994974874371859528e+02 1.586238267901487475e-01
4.020100502512563025e+02 1.586011316804231686e-01
4.045226130653266523e+02 1.586562813877631373e-01
4.070351758793970021e+02 1.585993696485473170e-01
4.095477386934673518e+02 1.586337735785447456e-01
4.120603015075377016e+02 1.585878083101459335e-01
4.145728643216080513e+02 1.585528627434185100e-01
4.170854271356784011e+02 1.585694438807042084e-01
4.195979899497488077e+02 1.585158356428306436e-01
4.221105527638191575e+02 1.585888956738387423e-01
4.246231155778895072e+02 1.585445776455024769e-01
4.271356783919598570e+02 1.585560822316712803e-01
4.296482412060302067e+02 1.585335276900030343e-01
4.321608040201005565e+02 1.585413569930357314e-01
4.346733668341709063e+02 1.584991143669432778e-01
4.371859296482412560e+02 1.585186800363059256e-01
4.396984924623116058e+02 1.585232413249884620e-01
4.422110552763819555e+02 1.585032257778003772e-01
4.447236180904523053e+02 1.585465246799043493e-01
4.472361809045226551e+02 1.584716548149319171e-01
4.497487437185930048e+02 1.584975412910240578e-01
4.522613065326633546e+02 1.585317126925196718e-01
4.547738693467337043e+02 1.584631314706883842e-01
4.572864321608040541e+02 1.584663316499350660e-01
4.597989949748744039e+02 1.584827713562758922e-01
4.623115577889447536e+02 1.584565522519825187e-01
4.648241206030151034e+02 1.584623265396248037e-01
4.673366834170854531e+02 1.584209442201076623e-01
4.698492462311558029e+02 1.584830468658375846e-01
4.723618090452261526e+02 1.585060947840742918e-01
4.748743718592965024e+02 1.584480862926617994e-01
4.773869346733668522e+02 1.585006634491833433e-01
4.798994974874372019e+02 1.584419238609257319e-01
4.824120603015076085e+02 1.584403570873071654e-01
4.849246231155779583e+02 1.584115863665460644e-01
4.874371859296483080e+02 1.584112664396635506e-01
4.899497487437186578e+02 1.584154482331764091e-01
4.924623115577890076e+02 1.584149626634471231e-01
4.949748743718593573e+02 1.583832145272485725e-01
4.974874371859297071e+02 1.584214033455704773e-01
5.000000000000000000e+02 1.585280642676710483e-01
