# r_nm potential_V
0.000000000000000000e+00 2.048628897656663839e-01
2.512562814070351980e+00 2.037550588995762080e-01
5.025125628140703959e+00 2.028116491093619189e-01
7.537688442211056383e+00 2.018858143113928527e-01
1.005025125628140792e+01 2.003995580750558558e-01
1.256281407035175945e+01 1.987899853773786030e-01
1.507537688442211277e+01 1.971141685154249035e-01
1.758793969849246253e+01 1.950097951589797318e-01
2.010050251256281584e+01 1.930473650711324596e-01
2.261306532663316915e+01 1.908718636818549919e-01
2.512562814070351891e+01 1.888783745779083201e-01
2.763819095477387222e+01 1.868766296023564033e-01
3.015075376884422553e+01 1.850037723965604342e-01
3.266331658291457529e+01 1.830988711976622441e-01
3.517587939698492505e+01 1.814044453977132210e-01
3.768844221105528192e+01 1.797529200750026812e-01
4.020100502512563168e+01 1.782010767711469934e-01
4.271356783919598143e+01 1.768529806614634325e-01
4.522613065326633830e+01 1.754516281664249000e-01
4.773869346733668806e+01 1.743733586107627243e-01
5.025125628140703782e+01 1.732839342552944251e-01
5.276381909547739468e+01 1.723003505935367108e-01
5.527638190954774444e+01 1.713703457978363320e-01
5.778894472361809420e+01 1.705143301839419645e-01
6.030150753768845107e+01 1.698282006501833086e-01
6.281407035175880083e+01 1.690978653465987636e-01
6.532663316582915058e+01 1.684881961173269049e-01
6.783919597989950034e+01 1.678567585839803866e-01
7.035175879396985010e+01 1.673006957144038687e-01
7.286432160804021407e+01 1.667657962068344879e-01
7.537688442211056383e+01 1.663656543552491374e-01
7.788944723618091359e+01 1.659020817464427200e-01
8.040201005025126335e+01 1.655433496845946373e-01
8.291457286432161311e+01 1.652536705721885379e-01
8.542713567839196287e+01 1.648553902973333152e-01
8.793969849246231263e+01 1.645620186920337402e-01
9.045226130653267660e+01 1.642778799877020746e-01
9.296482412060302636e+01 1.640107244726569102e-01
9.547738693467337612e+01 1.637065102891835100e-01
9.798994974874372588e+01 1.635264763758592643e-01
1.005025125628140756e+02 1.633186767035785247e-01
1.030150753768844254e+02 1.630142837398014521e-01
1.055276381909547894e+02 1.627962538729215147e-01
1.080402010050251391e+02 1.627360655590266714e-01
1.105527638190954889e+02 1.625323327213567814e-01
1.130653266331658386e+02 1.623580480406082438e-01
1.155778894472361884e+02 1.621198541771027846e-01
1.180904522613065382e+02 1.620547163517556399e-01
1.206030150753769021e+02 1.619076178783021847e-01
1.231155778894472519e+02 1.617637212377917855e-01
1.256281407035176017e+02 1.616398774466664134e-01
1.281407035175879514e+02 1.615487173339963667e-01
1.306532663316583012e+02 1.614320437166152089e-01
1.331658291457286509e+02 1.612768580194602341e-01
1.356783919597990007e+02 1.611922367016846158e-01
1.381909547738693504e+02 1.610891498141706069e-01
1.407035175879397002e+02 1.609947200308024240e-01
1.432160804020100500e+02 1.608377504883979625e-01
1.457286432160804281e+02 1.608119313107566895e-01
1.482412060301507779e+02 1.607138356035570370e-01
1.507537688442211277e+02 1.606514680803967920e-01
1.532663316582914774e+02 1.605783768962437963e-01
1.557788944723618272e+02 1.605052170952106227e-01
1.582914572864321769e+02 1.603915023349299362e-01
1.608040201005025267e+02 1.602905285607872654e-01
1.633165829145728765e+02 1.603088835880433494e-01
1.658291457286432262e+02 1.602336062361049973e-01
1.683417085427135760e+02 1.601738458069458249e-01
1.708542713567839257e+02 1.601124327366420519e-01
1.733668341708542755e+02 1.600488857633370898e-01
1.758793969849246253e+02 1.600063576774378715e-01
1.783919597989950034e+02 1.599357180358538244e-01
1.809045226130653532e+02 1.598905573572464989e-01
1.834170854271357030e+02 1.598269196419200566e-01
1.859296482412060527e+02 1.597562539749161625e-01
1.884422110552764025e+02 1.597547089725817882e-01
1.909547738693467522e+02 1.596960206760366929e-01
1.934673366834171020e+02 1.596467092696949586e-01
1.959798994974874518e+02 1.595764977851942268e-01
1.984924623115578015e+02 1.595922698903182169e-01
2.010050251256281513e+02 1.595336253115672009e-01
2.035175879396985010e+02 1.595106228537756798e-01
2.060301507537688508e+02 1.594387443686920425e-01
2.085427135678392006e+02 1.594005981964230489e-01
2.110552763819095787e+02 1.593704208208607531e-01
2.135678391959799285e+02 1.593327994484416421e-01
2.160804020100502782e+02 1.592894936563523101e-01
2.185929648241206280e+02 1.592733102791535071e-01
2.211055276381909778e+02 1.592312156720002703e-01
2.236180904522613275e+02 1.592539723564324050e-01
2.261306532663316773e+02 1.591864721994336040e-01
2.286432160804020270e+02 1.591615850323388481e-01
2.311557788944723768e+02 1.591467089629081955e-01
2.336683417085427266e+02 1.591234330359607430e-01
2.361809045226130763e+02 1.590794265811383834e-01
2.386934673366834261e+02 1.590674458195548702e-01
2.412060301507538043e+02 1.589761185901414631e-01
2.437185929648241540e+02 1.590151020217382971e-01
2.462311557788945038e+02 1.590379493519370191e-01
2.487437185929648535e+02 1.589299671631864141e-01
2.512562814070352033e+02 1.589349441536299923e-01
2.537688442211055531e+02 1.589250973447789150e-01
2.562814070351759028e+02 1.588848635294894951e-01
2.587939698492462526e+02 1.588936902019724706e-01
2.613065326633166023e+02 1.588630909138831482e-01
2.638190954773869521e+02 1.588061962529412341e-01
2.663316582914573019e+02 1.588071101419719910e-01
2.688442211055276516e+02 1.587904122004263341e-01
2.713567839195980014e+02 1.587866866044756464e-01
2.738693467336683511e+02 1.587687246423376553e-01
2.763819095477387009e+02 1.587657574420433260e-01
2.788944723618090507e+02 1.587242910389970729e-01
2.814070351758794004e+02 1.587177932058785323e-01
2.839195979899497502e+02 1.586995897985245818e-01
2.864321608040200999e+02 1.586602360737267292e-01
2.889447236180904497e+02 1.586662140656775188e-01
2.914572864321608563e+02 1.586987567305702673e-01
2.939698492462312061e+02 1.585956735790863548e-01
2.964824120603015558e+02 1.586296842442855293e-01
2.989949748743719056e+02 1.585884262370707842e-01
3.015075376884422553e+02 1.586129709292523060e-01
3.040201005025126051e+02 1.585090112654779781e-01
3.065326633165829548e+02 1.586040786782337009e-01
3.090452261306533046e+02 1.585302114616904123e-01
3.115577889447236544e+02 1.585541718718156134e-01
3.140703517587940041e+02 1.585197259205701481e-01
3.165829145728643539e+02 1.585774237802430320e-01
3.190954773869347036e+02 1.585156005030169402e-01
3.216080402010050534e+02 1.584665995595733179e-01
3.241206030150754032e+02 1.584767527951896071e-01
3.266331658291457529e+02 1.584832246881563711e-01
3.291457286432161027e+02 1.584931585429383838e-01
3.316582914572864524e+02 1.584459327617425972e-01
3.341708542713568022e+02 1.584277343844238961e-01
3.366834170854271520e+02 1.584352653816854251e-01
3.391959798994975017e+02 1.584033748768667038e-01
3.417085427135678515e+02 1.583928853770713574e-01
3.442211055276382012e+02 1.583614859771281247e-01
3.467336683417085510e+02 1.584556877332010116e-01
3.492462311557789008e+02 1.584563511343663467e-01
3.517587939698492505e+02 1.583605232336511848e-01
3.542713567839196571e+02 1.583793546338613523e-01
3.567839195979900069e+02 1.583902362947116615e-01
3.592964824120603566e+02 1.583893054161562286e-01
3.618090452261307064e+02 1.583590691990706123e-01
3.643216080402010562e+02 1.583871704231132604e-01
3.668341708542714059e+02 1.583648501575415368e-01
3.693467336683417557e+02 1.583627325901448557e-01
3.718592964824121054e+02 1.583267897868240737e-01
3.743718592964824552e+02 1.583349796678186205e-01
3.768844221105528050e+02 1.583514137982371950e-01
3.793969849246231547e+02 1.583207567802647486e-01
3.819095477386935045e+02 1.582934349403805341e-01
3.844221105527638542e+02 1.583327302320976515e-01
3.869346733668342040e+02 1.582966230848164846e-01
3.894472361809045537e+02 1.583337953479857507e-01
3.919597989949749035e+02 1.582711006066891690e-01
3.944723618090452533e+02 1.582883617158749590e-01
3.969849246231156030e+02 1.582777096819670271e-01
3.994974874371859528e+02 1.582844657272995392e-01
4.020100502512563025e+02 1.582667072579407863e-01
4.045226130653266523e+02 1.583258683106034959e-01
4.070351758793970021e+02 1.582738001396739314e-01
4.095477386934673518e+02 1.583120561322614861e-01
4.120603015075377016e+02 1.582704371881275274e-01
4.145728643216080513e+02 1.582396078222561564e-01
4.170854271356784011e+02 1.582596961044930028e-01
4.195979899497488077e+02 1.582101835204423601e-01
4.221105527638191575e+02 1.582861785127949172e-01
4.246231155778895072e+02 1.582456193388616372e-01
4.271356783919598570e+02 1.582601926594031649e-01
4.296482412060302067e+02 1.582409633758658507e-01
4.321608040201005565e+02 1.582516067952087768e-01
4.346733668341709063e+02 1.582125316122282299e-01
4.371859296482412560e+02 1.582347701829500408e-01
4.396984924623116058e+02 1.582419087038096916e-01
4.422110552763819555e+02 1.582244905202506158e-01
4.447236180904523053e+02 1.582697357133330540e-01
4.472361809045226551e+02 1.581976142214849279e-01
4.497487437185930048e+02 1.582254792064750337e-01
4.522613065326633546e+02 1.582613771605215491e-01
4.547738693467337043e+02 1.581951443610328245e-01
4.572864321608040541e+02 1.582001191359557468e-01
4.597989949748744039e+02 1.582181145549846069e-01
4.623115577889447536e+02 1.581936293476733646e-01
4.648241206030151034e+02 1.582007577588301905e-01
4.673366834170854531e+02 1.581609617054818007e-01
4.698492462311558029e+02 1.582238647453390046e-01
4.723618090452261526e+02 1.582479453733419417e-01
4.748743718592965024e+02 1.581914271891141366e-01
4.773869346733668522e+02 1.582445694580693341e-01
4.798994974874372019e+02 1.581870005087560593e-01
4.824120603015076085e+02 1.581860289840817113e-01
4.849246231155779583e+02 1.581580132410715656e-01
4.874371859296483080e+02 1.581581436732424351e-01
4.899497487437186578e+02 1.581627528762176993e-01
4.924623115577890076e+02 1.581626549253575542e-01
4.949748743718593573e+02 1.581313037044144443e-01
4.974874371859297071e+02 1.581692620326739795e-01
5.000000000000000000e+02 1.582750434395643890e-01
