# r_nm potential_V
0.000000000000000000e+00 1.578409904564487820e-01
1.002004008016031955e+00 1.578097321223145277e-01
2.004008016032063910e+00 1.575265453523399806e-01
3.006012024048096087e+00 1.573319184596516651e-01
4.008016032064127820e+00 1.569700180264088085e-01
5.010020040080159553e+00 1.565565962224521879e-01
6.012024048096192175e+00 1.560231589365687066e-01
7.014028056112223908e+00 1.553547654941672962e-01
8.016032064128255641e+00 1.546637428009595971e-01
9.018036072144287374e+00 1.539145951648611954e-01
1.002004008016031911e+01 1.530318279855710506e-01
1.102204408817635084e+01 1.520867040557970506e-01
1.202404809619238435e+01 1.510446700189436442e-01
1.302605210420841608e+01 1.499795952995894022e-01
1.402805611222444782e+01 1.489209302881450703e-01
1.503006012024047955e+01 1.477694095744860325e-01
1.603206412825651128e+01 1.465962491071677309e-01
1.703406813627254479e+01 1.454020222278553653e-01
1.803607214428857475e+01 1.441083569557017330e-01
1.903807615230460826e+01 1.427875172270771376e-01
2.004008016032063821e+01 1.414355890641445512e-01
2.104208416833667172e+01 1.400687152975127470e-01
2.204408817635270168e+01 1.387035600220133669e-01
2.304609218436873519e+01 1.373560357810682253e-01
2.404809619238476870e+01 1.359887806696796209e-01
2.505010020040079866e+01 1.345991439812646018e-01
2.605210420841683217e+01 1.331331017300305675e-01
2.705410821643286212e+01 1.316312207194400008e-01
2.805611222444889563e+01 1.302105283821980708e-01
2.905811623246492559e+01 1.288075966211689183e-01
3.006012024048095910e+01 1.274630160595308648e-01
3.106212424849698905e+01 1.261267163286409199e-01
3.206412825651302256e+01 1.247481866029065689e-01
3.306613226452905252e+01 1.233620270790165702e-01
3.406813627254508958e+01 1.219925474131519777e-01
3.507014028056111954e+01 1.206296835445973825e-01
3.607214428857714950e+01 1.192917073221082952e-01
3.707414829659317945e+01 1.179808039670385417e-01
3.807615230460921651e+01 1.166775754162252821e-01
3.907815631262524647e+01 1.154292785676852701e-01
4.008016032064127643e+01 1.141809817191452442e-01
4.108216432865731349e+01 1.129642713709288759e-01
4.208416833667334345e+01 1.117659984018920805e-01
4.308617234468937340e+01 1.105721952817382142e-01
4.408817635270540336e+01 1.094272503411402309e-01
4.509018036072144042e+01 1.082823054005421920e-01
4.609218436873747038e+01 1.071640172586784817e-01
4.709418837675350034e+01 1.060637282673222437e-01
4.809619238476953740e+01 1.049722078532455138e-01
4.909819639278556735e+01 1.039515923062917097e-01
5.010020040080159731e+01 1.029309767593378777e-01
5.110220440881762727e+01 1.019494178166145543e-01
5.210420841683366433e+01 1.009914757739926588e-01
5.310621242484969429e+01 1.000352378058817909e-01
5.410821643286572424e+01 9.908979861036980308e-02
5.511022044088175420e+01 9.814435941485780135e-02
5.611222444889779126e+01 9.722310731297129083e-02
5.711422845691382122e+01 9.631491259972385643e-02
5.811623246492985118e+01 9.542009929804826096e-02
5.911823647294588824e+01 9.459423482412786244e-02
6.012024048096191819e+01 9.376837035020749167e-02
6.112224448897794815e+01 9.297751587729286005e-02
6.212424849699397811e+01 9.220346797432622810e-02
6.312625250501001517e+01 9.143748683061472815e-02
6.412825651302604513e+01 9.070653772644308999e-02
6.513026052104207508e+01 8.997558862227145182e-02
6.613226452905810504e+01 8.926670649119662626e-02
6.713426853707413500e+01 8.857490924728082804e-02
6.813627254509017916e+01 8.788311200336501594e-02
6.913827655310620912e+01 8.721530758646801884e-02
7.014028056112223908e+01 8.655001565892121718e-02
7.114228456913826903e+01 8.590731147378824484e-02
7.214428857715429899e+01 8.529715266987927813e-02
7.314629258517032895e+01 8.468699386597029755e-02
7.414829659318635890e+01 8.411883461116788363e-02
7.515030060120240307e+01 8.355418829128154201e-02
7.615230460921843303e+01 8.300008291803914751e-02
7.715430861723446299e+01 8.245961679452339099e-02
7.815631262525049294e+01 8.191915067100757897e-02
7.915831663326652290e+01 8.140225502739206753e-02
8.016032064128255286e+01 8.088662471171291501e-02
8.116232464929858281e+01 8.038130944715503323e-02
8.216432865731462698e+01 7.988799779688819658e-02
8.316633266533065694e+01 7.939468614662134605e-02
8.416833667334668689e+01 7.893668227049435715e-02
8.517034068136271685e+01 7.847957292691618014e-02
8.617234468937874681e+01 7.803441373165974360e-02
8.717434869739477676e+01 7.760177184232182335e-02
8.817635270541080672e+01 7.716915919223743536e-02
8.917835671342685089e+01 7.675563808197272131e-02
9.018036072144288084e+01 7.634211697170800726e-02
9.118236472945891080e+01 7.592250864948985045e-02
9.218436873747494076e+01 7.549584208349750802e-02
9.318637274549097071e+01 7.506917551750516560e-02
9.418837675350700067e+01 7.470863119121758100e-02
9.519038076152303063e+01 7.436839808315290345e-02
9.619238476953907480e+01 7.402836521772547529e-02
9.719438877755510475e+01 7.368903227098917708e-02
9.819639278557113471e+01 7.334969932425287886e-02
9.919839679358716467e+01 7.300858025395580431e-02
1.002004008016031946e+02 7.266681909411361329e-02
1.012024048096192246e+02 7.232889808884193639e-02
1.022044088176352545e+02 7.200257843603413699e-02
1.032064128256512845e+02 7.167625878322633759e-02
1.042084168336673287e+02 7.137309638539336698e-02
1.052104208416833586e+02 7.107717442525508800e-02
1.062124248496993886e+02 7.078398288179617304e-02
1.072144288577154185e+02 7.049799227882962149e-02
1.082164328657314485e+02 7.021200167586305607e-02
1.092184368737474784e+02 6.993437163863820694e-02
1.102204408817635084e+02 6.965899024327319722e-02
1.112224448897795526e+02 6.938701562253873911e-02
1.122244488977955825e+02 6.912294612747217626e-02
1.132264529058116125e+02 6.885887663240558565e-02
1.142284569138276424e+02 6.860274986758939375e-02
1.152304609218436724e+02 6.834843459273373667e-02
1.162324649298597024e+02 6.809953411591171402e-02
1.172344689378757323e+02 6.786212324438888055e-02
1.182364729458917765e+02 6.762471237286601933e-02
1.192384769539078064e+02 6.738718430336826382e-02
1.202404809619238364e+02 6.714959774670663240e-02
1.212424849699398663e+02 6.691259392786910731e-02
1.222444889779558963e+02 6.669051236153562823e-02
1.232464929859719263e+02 6.646843079520216302e-02
1.242484969939879562e+02 6.625552701148391954e-02
1.252505010020040004e+02 6.605018318931303589e-02
1.262525050100200303e+02 6.584530140340817683e-02
1.272545090180360603e+02 6.564747675353607703e-02
1.282565130260520903e+02 6.544965210366397723e-02
1.292585170340681202e+02 6.525430330951170754e-02
1.302605210420841502e+02 6.506078774071528958e-02
1.312625250501001801e+02 6.486773015272757903e-02
1.322645290581162101e+02 6.467943753510452254e-02
1.332665330661322400e+02 6.449114491748147993e-02
1.342685370741482700e+02 6.430357370672780404e-02
1.352705410821643000e+02 6.411648182202057955e-02
1.362725450901803583e+02 6.393114114674101900e-02
1.372745490981963883e+02 6.375942090570395349e-02
1.382765531062124182e+02 6.358770066466688797e-02
1.392785571142284482e+02 6.342078782039951845e-02
1.402805611222444782e+02 6.325673434206362244e-02
1.412825651302605081e+02 6.309295216996742284e-02
1.422845691382765381e+02 6.293083433795008952e-02
1.432865731462925680e+02 6.276871650593278396e-02
1.442885771543085980e+02 6.261140054606741112e-02
1.452905811623246279e+02 6.245757177343198852e-02
1.462925851703406579e+02 6.230374300079655203e-02
1.472945891783566879e+02 6.215542209881017716e-02
1.482965931863727178e+02 6.200782020501585667e-02
1.492985971943887478e+02 6.186152743783968760e-02
1.503006012024048061e+02 6.171755107103839288e-02
1.513026052104208361e+02 6.157357470423709123e-02
1.523046092184368661e+02 6.143315306957856242e-02
1.533066132264528960e+02 6.129324294775075760e-02
1.543086172344689260e+02 6.115534656120841239e-02
1.553106212424849559e+02 6.102063553242782074e-02
1.563126252505009859e+02 6.088592450364721520e-02
1.573146292585170158e+02 6.075595909808460121e-02
1.583166332665330458e+02 6.062651838649237013e-02
1.593186372745490758e+02 6.049946440265098480e-02
1.603206412825651057e+02 6.037579482851823665e-02
1.613226452905811357e+02 6.025212525438546768e-02
1.623246492985971656e+02 6.013194606480986443e-02
1.633266533066131956e+02 6.001204303028915416e-02
1.643286573146292540e+02 5.989055750701944431e-02
1.653306613226452839e+02 5.976705628187357899e-02
1.663326653306613139e+02 5.964355505672771368e-02
1.673346693386773438e+02 5.953276471460657721e-02
1.683366733466933738e+02 5.942260236008017893e-02
1.693386773547094037e+02 5.931216752461851427e-02
1.703406813627254337e+02 5.920139901855765718e-02
1.713426853707414637e+02 5.909063051249681398e-02
1.723446893787574936e+02 5.898177515786930114e-02
1.733466933867735236e+02 5.887348072724198772e-02
1.743486973947895535e+02 5.876694487808697270e-02
1.753507014028055835e+02 5.866876504518046126e-02
1.763527054108216134e+02 5.857058521227394982e-02
1.773547094188376434e+02 5.847125960903842151e-02
1.783567134268537018e+02 5.837141189705510880e-02
1.793587174348697317e+02 5.827213791924025499e-02
1.803607214428857617e+02 5.817515770675969061e-02
1.813627254509017916e+02 5.807817749427911930e-02
1.823647294589178216e+02 5.798358156624177501e-02
1.833667334669338516e+02 5.788994442912229199e-02
1.843687374749498815e+02 5.779597834844152349e-02
1.853707414829659115e+02 5.770088776780445822e-02
1.863727454909819414e+02 5.760579718716739295e-02
1.873747494989979714e+02 5.751515702474872122e-02
1.883767535070140013e+02 5.742608508245056892e-02
1.893787575150300313e+02 5.733857830585102622e-02
1.903807615230460613e+02 5.725570360106354423e-02
1.913827655310620912e+02 5.717282889627605530e-02
1.923847695390781496e+02 5.708841696062889187e-02
1.933867735470941795e+02 5.700353458266566031e-02
1.943887775551102095e+02 5.691912914875245366e-02
1.953907815631262395e+02 5.683595749197300345e-02
1.963927855711422694e+02 5.675278583519353243e-02
1.973947895791582994e+02 5.667150243347526817e-02
1.983967935871743293e+02 5.659106183429859355e-02
1.993987975951903593e+02 5.651067387990661717e-02
2.004008016032063892e+02 5.643672544269724006e-02
2.014028056112224192e+02 5.636277700548786990e-02
2.024048096192384492e+02 5.628936936291376730e-02
2.034068136272544791e+02 5.621650312138071204e-02
2.044088176352705091e+02 5.614359823046779358e-02
2.054108216432865390e+02 5.606772169096692349e-02
2.064128256513025690e+02 5.599184515146603258e-02
2.074148296593186274e+02 5.592138230574767582e-02
2.084168336673346573e+02 5.585579877608821964e-02
2.094188376753506873e+02 5.579012449357035469e-02
2.104208416833667172e+02 5.572221858320373922e-02
2.114228456913827472e+02 5.565431267283710987e-02
2.124248496993987771e+02 5.558555080608907489e-02
2.134268537074148071e+02 5.551609480257653495e-02
2.144288577154308371e+02 5.544690157116130558e-02
2.154308617234468670e+02 5.538146865886372366e-02
2.164328657314628970e+02 5.531603574656612787e-02
2.174348697394789269e+02 5.525066854975202446e-02
2.184368737474949569e+02 5.518534924652229029e-02
2.194388777555109868e+02 5.512041824135376772e-02
2.204408817635270168e+02 5.505934011010479162e-02
2.214428857715430752e+02 5.499826197885580858e-02
2.224448897795591051e+02 5.493842840837557390e-02
2.234468937875751351e+02 5.487951568879867459e-02
2.244488977955911650e+02 5.482060296922177528e-02
2.254509018036071950e+02 5.476293047009891946e-02
2.264529058116232250e+02 5.470542123272615492e-02
2.274549098196392549e+02 5.464747988522602323e-02
2.284569138276552849e+02 5.458858779447887943e-02
2.294589178356713148e+02 5.452969570373172176e-02
2.304609218436873448e+02 5.447476216233495400e-02
2.314629258517033747e+02 5.442066484696996692e-02
2.324649298597194047e+02 5.436787145867647691e-02
2.334669338677354347e+02 5.431762376499197492e-02
2.344689378757514646e+02 5.426737607130745211e-02
2.354709418837675230e+02 5.421603224675589083e-02
2.364729458917835530e+02 5.416449776509442426e-02
2.374749498997995829e+02 5.411263848313058178e-02
2.384769539078156129e+02 5.406021402570170692e-02
2.394789579158316428e+02 5.400778956827280430e-02
2.404809619238476728e+02 5.395680700928611601e-02
2.414829659318637027e+02 5.390602466806876381e-02
2.424849699398797327e+02 5.385586660805649628e-02
2.434869739478957626e+02 5.380668010806723828e-02
2.444889779559117926e+02 5.375749360807798027e-02
2.454909819639278226e+02 5.370991975463391271e-02
2.464929859719438525e+02 5.366251654065002513e-02
2.474949899799598825e+02 5.361591700360195806e-02
2.484969939879759124e+02 5.357044344771042660e-02
2.494989979959919708e+02 5.352496989181888126e-02
2.505010020040080008e+02 5.347998734023431261e-02
2.515030060120240307e+02 5.343512806741609888e-02
2.525050100200400607e+02 5.339005372424409507e-02
2.535070140280560906e+02 5.334360947392664115e-02
2.545090180360721206e+02 5.329716522360916642e-02
2.555110220440881506e+02 5.325360915812497875e-02
2.565130260521041805e+02 5.321168933451703859e-02
2.575150300601202389e+02 5.317037133473689198e-02
2.585170340681362404e+02 5.313242465384399732e-02
2.595190380761522988e+02 5.309447797295109572e-02
2.605210420841683003e+02 5.305505059103101523e-02
2.615230460921843587e+02 5.301487592585771985e-02
2.625250501002003602e+02 5.297463318509024882e-02
2.635270541082164186e+02 5.293407545178369783e-02
2.645290581162324202e+02 5.289351771847713296e-02
2.655310621242484785e+02 5.285386364819837091e-02
2.665330661322644801e+02 5.281461399667433665e-02
2.675350701402805385e+02 5.277572496874162467e-02
2.685370741482965400e+02 5.273824351409282796e-02
2.695390781563125984e+02 5.270076205944403125e-02
2.705410821643285999e+02 5.266101828896507797e-02
2.715430861723446583e+02 5.262038188632989916e-02
2.725450901803607167e+02 5.258105461198774727e-02
2.735470941883767182e+02 5.254610541378836042e-02
2.745490981963927766e+02 5.251115621558895274e-02
2.755511022044087781e+02 5.247767031992459086e-02
2.765531062124248365e+02 5.244482377723021921e-02
2.775551102204408380e+02 5.241197723453585450e-02
2.785571142284568964e+02 5.237527285797990290e-02
2.795591182364728979e+02 5.233856162403752177e-02
2.805611222444889563e+02 5.230388098550156628e-02
2.815631262525049578e+02 5.227167107129799400e-02
2.825651302605210162e+02 5.223946115709439397e-02
2.835671342685370178e+02 5.221059123607806746e-02
2.845691382765530761e+02 5.218184521738388620e-02
2.855711422845691345e+02 5.215226325741733476e-02
2.865731462925851361e+02 5.212176602471503550e-02
2.875751503006011944e+02 5.209126879201274318e-02
2.885771543086171960e+02 5.206265623441592993e-02
2.895791583166332543e+02 5.203406181287575927e-02
2.905811623246492559e+02 5.200322420120966765e-02
2.915831663326653143e+02 5.197017536463261617e-02
2.925851703406813158e+02 5.193713595922121173e-02
2.935871743486973742e+02 5.190465161750606321e-02
2.945891783567133757e+02 5.187216727579090081e-02
2.955911823647294341e+02 5.184216895017088739e-02
2.965931863727454356e+02 5.181437674092365109e-02
2.975951903807614940e+02 5.178661021630336786e-02
2.985971943887774955e+02 5.175941607888960572e-02
2.995991983967935539e+02 5.173222194147583664e-02
3.006012024048096123e+02 5.170505390290992820e-02
3.016032064128256138e+02 5.167790717801470923e-02
3.026052104208416722e+02 5.165076045311947639e-02
3.036072144288576737e+02 5.162401651635648708e-02
3.046092184368737321e+02 5.159731577518605200e-02
3.056112224448897337e+02 5.157096296570803234e-02
3.066132264529057920e+02 5.154556418023683445e-02
3.076152304609217936e+02 5.152016539476562962e-02
3.086172344689378519e+02 5.149580267593023564e-02
3.096192384769538535e+02 5.147173733064581286e-02
3.106212424849699119e+02 5.144641252406546850e-02
3.116232464929859134e+02 5.141800580967276907e-02
3.126252505010019718e+02 5.138959909528006964e-02
3.136272545090180301e+02 5.136393190450318919e-02
3.146292585170340317e+02 5.133893584047618391e-02
3.156312625250500901e+02 5.131491595547345297e-02
3.166332665330660916e+02 5.129300569273381738e-02
3.176352705410821500e+02 5.127109542999417485e-02
3.186372745490981515e+02 5.124757107322528565e-02
3.196392785571142099e+02 5.122371486368378773e-02
3.206412825651302114e+02 5.120032115837835213e-02
3.216432865731462698e+02 5.117781499565018238e-02
3.226452905811622713e+02 5.115530883292199182e-02
3.236472945891783297e+02 5.113358146536125387e-02
3.246492985971943313e+02 5.111198542576621956e-02
3.256513026052103896e+02 5.109056584567193277e-02
3.266533066132263912e+02 5.106944824649973375e-02
3.276553106212424495e+02 5.104833064732751391e-02
3.286573146292585079e+02 5.102537007293652532e-02
3.296593186372745095e+02 5.100198568990402248e-02
3.306613226452905678e+02 5.097896766448666017e-02
3.316633266533065694e+02 5.095871755208700171e-02
3.326653306613226277e+02 5.093846743968733631e-02
3.336673346693386293e+02 5.092095506913058706e-02
3.346693386773546877e+02 5.090534720301825855e-02
3.356713426853706892e+02 5.088940986902226737e-02
3.366733466933867476e+02 5.087059906562375194e-02
3.376753507014027491e+02 5.085178826222522958e-02
3.386773547094188075e+02 5.083199873549052589e-02
3.396793587174348090e+02 5.081159905300652868e-02
3.406813627254508674e+02 5.079119685904562309e-02
3.416833667334668689e+02 5.077077772324351673e-02
3.426853707414829273e+02 5.075035858744138262e-02
3.436873747494989857e+02 5.073097264853683452e-02
3.446893787575149872e+02 5.071216229743957804e-02
3.456913827655310456e+02 5.069349375482972569e-02
3.466933867735470471e+02 5.067559628763149138e-02
3.476953907815631055e+02 5.065769882043324318e-02
3.486973947895791071e+02 5.064082566714527694e-02
3.496993987975951654e+02 5.062446054779434768e-02
3.507014028056111670e+02 5.060786754444921570e-02
3.517034068136272253e+02 5.059024741675326869e-02
3.527054108216432269e+02 5.057262728905730087e-02
3.537074148296592853e+02 5.055562268044806740e-02
3.547094188376752868e+02 5.053890705356905988e-02
3.557114228456913452e+02 5.052220003973027090e-02
3.567134268537074036e+02 5.050650498736570376e-02
3.577154308617234051e+02 5.049080993500111580e-02
3.587174348697394635e+02 5.047415829001651588e-02
3.597194388777554650e+02 5.045608778057338734e-02
3.607214428857715234e+02 5.043801727113025879e-02
3.617234468937875249e+02 5.042085231759371039e-02
3.627254509018035833e+02 5.040377081480693078e-02
3.637274549098195848e+02 5.038981798238324761e-02
3.647294589178356432e+02 5.038003382519837953e-02
3.657314629258516447e+02 5.037024966801349757e-02
3.667334669338677031e+02 5.035421267455038319e-02
3.677354709418837047e+02 5.033778970101304012e-02
3.687374749498997630e+02 5.032083821132352780e-02
3.697394789579157646e+02 5.030325361106730703e-02
3.707414829659318229e+02 5.028566901081108625e-02
3.717434869739478813e+02 5.027271190310174387e-02
3.727454909819638829e+02 5.025990728364669591e-02
3.737474949899799412e+02 5.024620480198595251e-02
3.747494989979959428e+02 5.023153436995910631e-02
3.757515030060120012e+02 5.021686393793226011e-02
3.767535070140280027e+02 5.020200274184349887e-02
3.777555110220440611e+02 5.018714045930917911e-02
3.787575150300600626e+02 5.017338607911923237e-02
3.797595190380761210e+02 5.016070704360892085e-02
3.807615230460921225e+02 5.014802800809860239e-02
3.817635270541081809e+02 5.013607766646681341e-02
3.827655310621241824e+02 5.012418554768809792e-02
3.837675350701402408e+02 5.011261499889776289e-02
3.847695390781562992e+02 5.010206491989292049e-02
3.857715430861723007e+02 5.009151484088806422e-02
3.867735470941883591e+02 5.007971846346164629e-02
3.877755511022043606e+02 5.006745732687219175e-02
3.887775551102204190e+02 5.005423749753115659e-02
3.897795591182364205e+02 5.003800658966491011e-02
3.907815631262524789e+02 5.002177568179865669e-02
3.917835671342684805e+02 5.000798553122526996e-02
3.927855711422845388e+02 4.999498905327293130e-02
3.937875751503005404e+02 4.998329175608066249e-02
3.947895791583165988e+02 4.997514773506286229e-02
3.957915831663326003e+02 4.996700371404503432e-02
3.967935871743486587e+02 4.995656283854452845e-02
3.977955911823646602e+02 4.994547736004724403e-02
3.987975951903807186e+02 4.993297955190140885e-02
3.997995991983967770e+02 4.991708982494206387e-02
4.008016032064127785e+02 4.990120009798269807e-02
4.018036072144288369e+02 4.988950033918564814e-02
4.028056112224448384e+02 4.987880203505055954e-02
4.038076152304608968e+02 4.986809135550164529e-02
4.048096192384768983e+02 4.985735440399594737e-02
4.058116232464929567e+02 4.984661745249024251e-02
4.068136272545089582e+02 4.983407849273557150e-02
4.078156312625250166e+02 4.982110738605533690e-02
4.088176352705410181e+02 4.980819913475074967e-02
4.098196392785570765e+02 4.979576092977285040e-02
4.108216432865730781e+02 4.978332272479495113e-02
4.118236472945891364e+02 4.977299280011943799e-02
4.128256513026051380e+02 4.976445061924370666e-02
4.138276553106211963e+02 4.975583099548559762e-02
4.148296593186372547e+02 4.974586144308472402e-02
4.158316633266532563e+02 4.973589189068385735e-02
4.168336673346693146e+02 4.972649987979625014e-02
4.178356713426853162e+02 4.971754824623119545e-02
4.188376753507013746e+02 4.970850704681512022e-02
4.198396793587173761e+02 4.969844271167657423e-02
4.208416833667334345e+02 4.968837837653800743e-02
4.218436873747494360e+02 4.967688137257637859e-02
4.228456913827654944e+02 4.966440356576141968e-02
4.238476953907814959e+02 4.965171234583170418e-02
4.248496993987975543e+02 4.963723502518190694e-02
4.258517034068135558e+02 4.962275770453208890e-02
4.268537074148296142e+02 4.961158477064235572e-02
4.278557114228456726e+02 4.960243838091873969e-02
4.288577154308616741e+02 4.959349592969487103e-02
4.298597194388777325e+02 4.958588324704091971e-02
4.308617234468937340e+02 4.957827056438694757e-02
4.318637274549097924e+02 4.956877764091892347e-02
4.328657314629257939e+02 4.955825270325488890e-02
4.338677354709418523e+02 4.954770839462341314e-02
4.348697394789578539e+02 4.953662700599808372e-02
4.358717434869739122e+02 4.952554561737274041e-02
4.368737474949899138e+02 4.951312331559592356e-02
4.378757515030059722e+02 4.949838177417369839e-02
4.388777555110219737e+02 4.948364023275147322e-02
4.398797595190380321e+02 4.946469837999067920e-02
4.408817635270540336e+02 4.944511226114776947e-02
4.418837675350700920e+02 4.943363447225863905e-02
4.428857715430861504e+02 4.943537864459839754e-02
4.438877755511021519e+02 4.943712281693814908e-02
4.448897795591182103e+02 4.942435897112867904e-02
4.458917835671342118e+02 4.940986133504259026e-02
4.468937875751502702e+02 4.939587636233192663e-02
4.478957915831662717e+02 4.938264029225717527e-02
4.488977955911823301e+02 4.936940422218241004e-02
4.498997995991983316e+02 4.935867214211407672e-02
4.509018036072143900e+02 4.934815931034619574e-02
4.519038076152303915e+02 4.933241039429844821e-02
4.529058116232464499e+02 4.930979406208538945e-02
4.539078156312624515e+02 4.928717772987233070e-02
4.549098196392785098e+02 4.928265962437364950e-02
4.559118236472945114e+02 4.927918010599583593e-02
4.569138276553105698e+02 4.926872950779955657e-02
4.579158316633266281e+02 4.925005740550139621e-02
4.589178356713426297e+02 4.923138530320321504e-02
4.599198396793586880e+02 4.921466144924198372e-02
4.609218436873746896e+02 4.919808736545408512e-02
4.619238476953907480e+02 4.918153788789438735e-02
4.629258517034067495e+02 4.916507003615795679e-02
4.639278557114228079e+02 4.914860218442152623e-02
4.649298597194388094e+02 4.913288247263591230e-02
4.659318637274548678e+02 4.911751519847494529e-02
4.669338677354708693e+02 4.910132580358505389e-02
4.679358717434869277e+02 4.908169639696185332e-02
4.689378757515029292e+02 4.906206699033864582e-02
4.699398797595189876e+02 4.903946036261327968e-02
4.709418837675350460e+02 4.901561398124947011e-02
4.719438877755510475e+02 4.899244101241368582e-02
4.729458917835671059e+02 4.897166777810419563e-02
4.739478957915831074e+02 4.895089454379468463e-02
4.749498997995991658e+02 4.892873130403625065e-02
4.759519038076151674e+02 4.890605979627540151e-02
4.769539078156312257e+02 4.888237911272526326e-02
4.779559118236472273e+02 4.885559467177964105e-02
4.789579158316632856e+02 4.882881023083401190e-02
4.799599198396792872e+02 4.880050080344764535e-02
4.809619238476953456e+02 4.877170579526703825e-02
4.819639278557113471e+02 4.874204778034415403e-02
4.829659318637274055e+02 4.871007533780787047e-02
4.839679358717434070e+02 4.867810289527159384e-02
4.849699398797594654e+02 4.864389422829177440e-02
4.859719438877755238e+02 4.860905641826241547e-02
4.869739478957915253e+02 4.857261602704930625e-02
4.879759519038075837e+02 4.852628092629114598e-02
4.889779559118235852e+02 4.847994582553298570e-02
4.899799599198396436e+02 4.843307392049951698e-02
4.909819639278556451e+02 4.838469607393828392e-02
4.919839679358717035e+02 4.833631822737704392e-02
4.929859719438877050e+02 4.828808640188043261e-02
4.939879759519037634e+02 4.824083512233998117e-02
4.949899799599197650e+02 4.819358384279953667e-02
4.959919839679358233e+02 4.814633256325908522e-02
4.969939879759518249e+02 4.808093811063041123e-02
4.979959919839678832e+02 4.800838239537790625e-02
4.989979959919839416e+02 4.793582668012540127e-02
5.000000000000000000e+02 4.786327096487286159e-02
