# r_nm potential_V
0.000000000000000000e+00 2.081339726366530918e-01
2.512562814070351980e+00 2.069530017843121406e-01
5.025125628140703959e+00 2.059518040499553615e-01
7.537688442211056383e+00 2.049710550187275326e-01
1.005025125628140792e+01 2.033925744737990204e-01
1.256281407035175945e+01 2.016835258244360496e-01
1.507537688442211277e+01 1.999034114096221448e-01
1.758793969849246253e+01 1.976693783292340079e-01
2.010050251256281584e+01 1.955849394197281821e-01
2.261306532663316915e+01 1.932706158956499221e-01
2.512562814070351891e+01 1.911494912648565303e-01
2.763819095477387222e+01 1.890193559821555513e-01
3.015075376884422553e+01 1.870226108173218549e-01
3.266331658291457529e+01 1.849934117382007193e-01
3.517587939698492505e+01 1.831846642389564350e-01
3.768844221105528192e+01 1.814229013815081004e-01
4.020100502512563168e+01 1.797668938905644387e-01
4.271356783919598143e+01 1.783235234440723460e-01
4.522613065326633830e+01 1.768278909055172043e-01
4.773869346733668806e+01 1.756698169983985647e-01
5.025125628140703782e+01 1.745024849581948145e-01
5.276381909547739468e+01 1.734473156914495273e-01
5.527638190954774444e+01 1.724496483411595282e-01
5.778894472361809420e+01 1.715315945778417284e-01
6.030150753768845107e+01 1.707903572646307933e-01
6.281407035175880083e+01 1.700064163454469701e-01
6.532663316582915058e+01 1.693486855835901750e-01
6.783919597989950034e+01 1.686712797031356403e-01
7.035175879396985010e+01 1.680733259016630454e-01
7.286432160804021407e+01 1.674995515310862826e-01
7.537688442211056383e+01 1.670652060341170364e-01
7.788944723618091359e+01 1.665675487318352133e-01
8.040201005025126335e+01 1.661785901495033135e-01
8.291457286432161311e+01 1.658612475954726329e-01
8.542713567839196287e+01 1.654351766573844695e-01
8.793969849246231263e+01 1.651171539218305728e-01
9.045226130653267660e+01 1.648096753076225274e-01
9.296482412060302636e+01 1.645208755570281844e-01
9.547738693467337612e+01 1.641951838733221591e-01
9.798994974874372588e+01 1.639966674754291809e-01
1.005025125628140756e+02 1.637710591454594189e-01
1.030150753768844254e+02 1.634483323270876642e-01
1.055276381909547894e+02 1.632137341992634383e-01
1.080402010050251391e+02 1.631396476499558934e-01
1.105527638190954889e+02 1.629210118134049867e-01
1.130653266331658386e+02 1.627328556550546312e-01
1.155778894472361884e+02 1.624807668773846081e-01
1.180904522613065382e+02 1.624041929864588896e-01
1.206030150753769021e+02 1.622453169847950516e-01
1.231155778894472519e+02 1.620900975051249304e-01
1.256281407035176017e+02 1.619556040552236897e-01
1.281407035175879514e+02 1.618545200784119453e-01
1.306532663316583012e+02 1.617281000384879486e-01
1.331658291457286509e+02 1.615632875233707078e-01
1.356783919597990007e+02 1.614699066842333885e-01
1.381909547738693504e+02 1.613583243534429945e-01
1.407035175879397002e+02 1.612558511027082919e-01
1.432160804020100500e+02 1.610906465690185585e-01
1.457286432160804281e+02 1.610576959292638333e-01
1.482412060301507779e+02 1.609522647465201906e-01
1.507537688442211277e+02 1.608831215463108477e-01
1.532663316582914774e+02 1.608034619353633232e-01
1.557788944723618272e+02 1.607239685059947132e-01
1.582914572864321769e+02 1.606039208548362129e-01
1.608040201005025267e+02 1.604967594193444924e-01
1.633165829145728765e+02 1.605098808898755558e-01
1.658291457286432262e+02 1.604290026796310331e-01
1.683417085427135760e+02 1.603638932623067948e-01
1.708542713567839257e+02 1.602973147288756228e-01
1.733668341708542755e+02 1.602287704583297556e-01
1.758793969849246253e+02 1.601815375913486772e-01
1.783919597989950034e+02 1.601061832937563656e-01
1.809045226130653532e+02 1.600565545090464059e-01
1.834170854271357030e+02 1.599885471534249759e-01
1.859296482412060527e+02 1.599135837247450398e-01
1.884422110552764025e+02 1.599081652121898678e-01
1.909547738693467522e+02 1.598455039259043808e-01
1.934673366834171020e+02 1.597923035610032683e-01
1.959798994974874518e+02 1.597183161466145807e-01
1.984924623115578015e+02 1.597307273768275304e-01
2.010050251256281513e+02 1.596685228587540750e-01
2.035175879396985010e+02 1.596422015393432758e-01
2.060301507537688508e+02 1.595668658664064210e-01
2.085427135678392006e+02 1.595255489357997880e-01
2.110552763819095787e+02 1.594923091467859433e-01
2.135678391959799285e+02 1.594516952832163714e-01
2.160804020100502782e+02 1.594054371900673617e-01
2.185929648241206280e+02 1.593865069591552108e-01
2.211055276381909778e+02 1.593416630552813296e-01
2.236180904522613275e+02 1.593619385143517087e-01
2.261306532663316773e+02 1.592917280028539884e-01
2.286432160804020270e+02 1.592643045416269332e-01
2.311557788944723768e+02 1.592470292294693446e-01
2.336683417085427266e+02 1.592213828582948465e-01
2.361809045226130763e+02 1.591750062639841479e-01
2.386934673366834261e+02 1.591608081813261077e-01
2.412060301507538043e+02 1.590671329140049550e-01
2.437185929648241540e+02 1.591041550244889358e-01
2.462311557788945038e+02 1.591250485576433116e-01
2.487437185929648535e+02 1.590148498722609438e-01
2.512562814070352033e+02 1.590179308804047509e-01
2.537688442211055531e+02 1.590062161048554079e-01
2.562814070351759028e+02 1.589641006853420580e-01
2.587939698492462526e+02 1.589711935894154160e-01
2.613065326633166023e+02 1.589388183076486938e-01
2.638190954773869521e+02 1.588801351203898704e-01
2.663316582914573019e+02 1.588794251180485340e-01
2.688442211055276516e+02 1.588611117027107500e-01
2.713567839195980014e+02 1.588558376000407668e-01
2.738693467336683511e+02 1.588363360569922389e-01
2.763819095477387009e+02 1.588319017662198074e-01
2.788944723618090507e+02 1.587889427873839798e-01
2.814070351758794004e+02 1.587810377805399797e-01
2.839195979899497502e+02 1.587614687875841257e-01
2.864321608040200999e+02 1.587207078953320749e-01
2.889447236180904497e+02 1.587254265284893384e-01
2.914572864321608563e+02 1.587567797275069581e-01
2.939698492462312061e+02 1.586523172977755414e-01
2.964824120603015558e+02 1.586851655682104123e-01
2.989949748743719056e+02 1.586426937582604280e-01
3.015075376884422553e+02 1.586661748417975970e-01
3.040201005025126051e+02 1.585609707768433629e-01
3.065326633165829548e+02 1.586551083408383189e-01
3.090452261306533046e+02 1.585800974385020434e-01
3.115577889447236544e+02 1.586030667692465423e-01
3.140703517587940041e+02 1.585675906550258196e-01
3.165829145728643539e+02 1.586244018134664036e-01
3.190954773869347036e+02 1.585615740488107439e-01
3.216080402010050534e+02 1.585116082870593190e-01
3.241206030150754032e+02 1.585208852867995843e-01
3.266331658291457529e+02 1.585265044398438961e-01
3.291457286432161027e+02 1.585355944829544006e-01
3.316582914572864524e+02 1.584874967168086179e-01
3.341708542713568022e+02 1.584685046167308431e-01
3.366834170854271520e+02 1.584752657877303017e-01
3.391959798994975017e+02 1.584425795051027097e-01
3.417085427135678515e+02 1.584313387963801334e-01
3.442211055276382012e+02 1.583991917785444181e-01
3.467336683417085510e+02 1.584927945765615409e-01
3.492462311557789008e+02 1.584927726099101819e-01
3.517587939698492505e+02 1.583961888029956910e-01
3.542713567839196571e+02 1.584144074400021807e-01
3.567839195979900069e+02 1.584246780730869109e-01
3.592964824120603566e+02 1.584231447522745639e-01
3.618090452261307064e+02 1.583922946525647413e-01
3.643216080402010562e+02 1.584198413004429262e-01
3.668341708542714059e+02 1.583969523760021814e-01
3.693467336683417557e+02 1.583942990648220805e-01
3.718592964824121054e+02 1.583578045483745311e-01
3.743718592964824552e+02 1.583655006122567654e-01
3.768844221105528050e+02 1.583814506857484095e-01
3.793969849246231547e+02 1.583502894966720420e-01
3.819095477386935045e+02 1.583224811181780656e-01
3.844221105527638542e+02 1.583613556262725430e-01
3.869346733668342040e+02 1.583247793831351058e-01
3.894472361809045537e+02 1.583615560075297135e-01
3.919597989949749035e+02 1.582984074389361950e-01
3.944723618090452533e+02 1.583152915220207013e-01
3.969849246231156030e+02 1.583042486308013086e-01
3.994974874371859528e+02 1.583106331000536382e-01
4.020100502512563025e+02 1.582924932064765366e-01
4.045226130653266523e+02 1.583513440393284066e-01
4.070351758793970021e+02 1.582989017857101555e-01
4.095477386934673518e+02 1.583368599274777022e-01
4.120603015075377016e+02 1.582949052581182070e-01
4.145728643216080513e+02 1.582637579354239932e-01
4.170854271356784011e+02 1.582835751217033515e-01
4.195979899497488077e+02 1.582337462998556210e-01
4.221105527638191575e+02 1.583095143436506758e-01
4.246231155778895072e+02 1.582686649604272411e-01
4.271356783919598570e+02 1.582830011513967905e-01
4.296482412060302067e+02 1.582635150904153909e-01
4.321608040201005565e+02 1.582739410693662085e-01
4.346733668341709063e+02 1.582346213685459635e-01
4.371859296482412560e+02 1.582566534932469127e-01
4.396984924623116058e+02 1.582635929674480191e-01
4.422110552763819555e+02 1.582459742378484746e-01
4.447236180904523053e+02 1.582910689671709614e-01
4.472361809045226551e+02 1.582187354112961075e-01
4.497487437185930048e+02 1.582464475816878213e-01
4.522613065326633546e+02 1.582822121103346080e-01
4.547738693467337043e+02 1.582157981265267799e-01
4.572864321608040541e+02 1.582206358835961113e-01
4.597989949748744039e+02 1.582385111415247347e-01
4.623115577889447536e+02 1.582138921196866999e-01
4.648241206030151034e+02 1.582209159389441622e-01
4.673366834170854531e+02 1.581809974888017389e-01
4.698492462311558029e+02 1.582438385817265258e-01
4.723618090452261526e+02 1.582678394500762475e-01
4.748743718592965024e+02 1.582112063683979719e-01
4.773869346733668522e+02 1.582643048872957869e-01
4.798994974874372019e+02 1.582066456736307691e-01
4.824120603015076085e+02 1.582056281336236547e-01
4.849246231155779583e+02 1.581775541485680447e-01
4.874371859296483080e+02 1.581776497831235140e-01
4.899497487437186578e+02 1.581822260063909247e-01
4.924623115577890076e+02 1.581820981687106220e-01
4.949748743718593573e+02 1.581507163606548638e-01
4.974874371859297071e+02 1.581886923685030810e-01
5.000000000000000000e+02 1.582945413795081580e-01
