# r_nm potential_V
0.000000000000000000e+00 2.696153006868368673e-01
2.512562814070351980e+00 2.666824261518301875e-01
5.025125628140703959e+00 2.644579777538625387e-01
7.537688442211056383e+00 2.624813815402788908e-01
1.005025125628140792e+01 2.590848561968444042e-01
1.256281407035175945e+01 2.555056634534373372e-01
1.507537688442211277e+01 2.518468852996369467e-01
1.758793969849246253e+01 2.471819955812351033e-01
2.010050251256281584e+01 2.429196764811153708e-01
2.261306532663316915e+01 2.380484230831428072e-01
2.512562814070351891e+01 2.336768430177837141e-01
2.763819095477387222e+01 2.292686045805099604e-01
3.015075376884422553e+01 2.251111229437155192e-01
3.266331658291457529e+01 2.208719865747122424e-01
3.517587939698492505e+01 2.170804413382265985e-01
3.768844221105528192e+01 2.133861409462544656e-01
4.020100502512563168e+01 2.098934834768147184e-01
4.271356783919598143e+01 2.067910871807528972e-01
4.522613065326633830e+01 2.036082930732174279e-01
4.773869346733668806e+01 2.010682207111656461e-01
5.025125628140703782e+01 1.985172805093994020e-01
5.276381909547739468e+01 1.961833196612899344e-01
5.527638190954774444e+01 1.939621367557239906e-01
5.778894472361809420e+01 1.919186729733486640e-01
6.030150753768845107e+01 1.901853344939609114e-01
6.281407035175880083e+01 1.884119539010983002e-01
6.532663316582915058e+01 1.868710139397583569e-01
6.783919597989950034e+01 1.853323061641217462e-01
7.035175879396985010e+01 1.839487038063462310e-01
7.286432160804021407e+01 1.826407606323804111e-01
7.537688442211056383e+01 1.815652281135637092e-01
7.788944723618091359e+01 1.804128581158659372e-01
8.040201005025126335e+01 1.794462887643193116e-01
8.291457286432161311e+01 1.785998915847080426e-01
8.542713567839196287e+01 1.776293473720997884e-01
8.793969849246231263e+01 1.768314342075307799e-01
9.045226130653267660e+01 1.760664817076533495e-01
9.296482412060302636e+01 1.753514164882435111e-01
9.547738693467337612e+01 1.745962518717355805e-01
9.798994974874372588e+01 1.740323604488407949e-01
1.005025125628140756e+02 1.734520229727543050e-01
1.030150753768844254e+02 1.727574382194685121e-01
1.055276381909547894e+02 1.721871110952385153e-01
1.080402010050251391e+02 1.718361434254956910e-01
1.105527638190954889e+02 1.713132469981838990e-01
1.130653266331658386e+02 1.708417126149960885e-01
1.155778894472361884e+02 1.703023251205917632e-01
1.180904522613065382e+02 1.699933571564233581e-01
1.206030150753769021e+02 1.695915703524695783e-01
1.231155778894472519e+02 1.692017297758013628e-01
1.256281407035176017e+02 1.688462271265146197e-01
1.281407035175879514e+02 1.685392811940132352e-01
1.306532663316583012e+02 1.682093684024976721e-01
1.331658291457286509e+02 1.678421829118431075e-01
1.356783919597990007e+02 1.675654106769617901e-01
1.381909547738693504e+02 1.672751423612657828e-01
1.407035175879397002e+02 1.670034009192384039e-01
1.432160804020100500e+02 1.666631975860534687e-01
1.457286432160804281e+02 1.664799683257222329e-01
1.482412060301507779e+02 1.662184915529159313e-01
1.507537688442211277e+02 1.660054530259451322e-01
1.532663316582914774e+02 1.657859060647745852e-01
1.557788944723618272e+02 1.655711966835989590e-01
1.582914572864321769e+02 1.653152309097994099e-01
1.608040201005025267e+02 1.650749528560118973e-01
1.633165829145728765e+02 1.649765420073112387e-01
1.658291457286432262e+02 1.647749565480869371e-01
1.683417085427135760e+02 1.645945459344104744e-01
1.708542713567839257e+02 1.644163877353374270e-01
1.733668341708542755e+02 1.642397163906584023e-01
1.758793969849246253e+02 1.640907390966668267e-01
1.783919597989950034e+02 1.639129580900334504e-01
1.809045226130653532e+02 1.637663092906981033e-01
1.834170854271357030e+02 1.636032145302540597e-01
1.859296482412060527e+02 1.634344780863268010e-01
1.884422110552764025e+02 1.633448557489994291e-01
1.909547738693467522e+02 1.631953640680752771e-01
1.934673366834171020e+02 1.630570422634580463e-01
1.959798994974874518e+02 1.629002938916210563e-01
1.984924623115578015e+02 1.628393325902697808e-01
2.010050251256281513e+02 1.626989028940942772e-01
2.035175879396985010e+02 1.625997497866364661e-01
2.060301507537688508e+02 1.624481739656591650e-01
2.085427135678392006e+02 1.623370528046214345e-01
2.110552763819095787e+02 1.622363662284202757e-01
2.135678391959799285e+02 1.621297289160691102e-01
2.160804020100502782e+02 1.620182467139427984e-01
2.185929648241206280e+02 1.619387015090203441e-01
2.211055276381909778e+02 1.618330213879741464e-01
2.236180904522613275e+02 1.617985499620357148e-01
2.261306532663316773e+02 1.616681310050268883e-01
2.286432160804020270e+02 1.615844166168028118e-01
2.311557788944723768e+02 1.615139141887202145e-01
2.336683417085427266e+02 1.614356022245166944e-01
2.361809045226130763e+02 1.613364555226416697e-01
2.386934673366834261e+02 1.612729381472427226e-01
2.412060301507538043e+02 1.611268298148389455e-01
2.437185929648241540e+02 1.611202997017316396e-01
2.462311557788945038e+02 1.610977120770562820e-01
2.487437185929648535e+02 1.609378679463378814e-01
2.512562814070352033e+02 1.608986612916666614e-01
2.537688442211055531e+02 1.608452405191437840e-01
2.562814070351759028e+02 1.607610246902465290e-01
2.587939698492462526e+02 1.607293799769308751e-01
2.613065326633166023e+02 1.606572274636150210e-01
2.638190954773869521e+02 1.605584181609940042e-01
2.663316582914573019e+02 1.605213392888684698e-01
2.688442211055276516e+02 1.604667961550929334e-01
2.713567839195980014e+02 1.604267988236665332e-01
2.738693467336683511e+02 1.603727299573493026e-01
2.763819095477387009e+02 1.603353552700078899e-01
2.788944723618090507e+02 1.602588287852316218e-01
2.814070351758794004e+02 1.602192889608915760e-01
2.839195979899497502e+02 1.601690096910693972e-01
2.864321608040200999e+02 1.600965401440071212e-01
2.889447236180904497e+02 1.600729316114079537e-01
2.914572864321608563e+02 1.600775422334038411e-01
2.939698492462312061e+02 1.599419064164080695e-01
2.964824120603015558e+02 1.599485703646831292e-01
2.989949748743719056e+02 1.598786991715415440e-01
3.015075376884422553e+02 1.598782271107315467e-01
3.040201005025126051e+02 1.597448650589139707e-01
3.065326633165829548e+02 1.598180885504604243e-01
3.090452261306533046e+02 1.597171957660491470e-01
3.115577889447236544e+02 1.597177829284634754e-01
3.140703517587940041e+02 1.596590078556244796e-01
3.165829145728643539e+02 1.596958093854254357e-01
3.190954773869347036e+02 1.596102325663032173e-01
3.216080402010050534e+02 1.595384150842988902e-01
3.241206030150754032e+02 1.595278669799994886e-01
3.266331658291457529e+02 1.595141901373646753e-01
3.291457286432161027e+02 1.595041693686371498e-01
3.316582914572864524e+02 1.594362989142201481e-01
3.341708542713568022e+02 1.593993314125010663e-01
3.366834170854271520e+02 1.593886466041917471e-01
3.391959798994975017e+02 1.593378995441109003e-01
3.417085427135678515e+02 1.593096166982651551e-01
3.442211055276382012e+02 1.592604988213194850e-01
3.467336683417085510e+02 1.593405480378702332e-01
3.492462311557789008e+02 1.593249662264879518e-01
3.517587939698492505e+02 1.592111858147919057e-01
3.542713567839196571e+02 1.592155024335946967e-01
3.567839195979900069e+02 1.592119009792871132e-01
3.592964824120603566e+02 1.591966819125851806e-01
3.618090452261307064e+02 1.591518752613134413e-01
3.643216080402010562e+02 1.591668249022295256e-01
3.668341708542714059e+02 1.591310050321440572e-01
3.693467336683417557e+02 1.591161732521109151e-01
3.718592964824121054e+02 1.590671232236216814e-01
3.743718592964824552e+02 1.590635925500294978e-01
3.768844221105528050e+02 1.590685348058361037e-01
3.793969849246231547e+02 1.590258937948000328e-01
3.819095477386935045e+02 1.589870072299527093e-01
3.844221105527638542e+02 1.590163145879708029e-01
3.869346733668342040e+02 1.589690509324714618e-01
3.894472361809045537e+02 1.589968278331884421e-01
3.919597989949749035e+02 1.589233348043163352e-01
3.944723618090452533e+02 1.589316400180436906e-01
3.969849246231156030e+02 1.589116934548980842e-01
3.994974874371859528e+02 1.589096126926582420e-01
4.020100502512563025e+02 1.588827769820649605e-01
4.045226130653266523e+02 1.589345684440904294e-01
4.070351758793970021e+02 1.588735909001840751e-01
4.095477386934673518e+02 1.589047688451414031e-01
4.120603015075377016e+02 1.588551561880329199e-01
4.145728643216080513e+02 1.588167565070979781e-01
4.170854271356784011e+02 1.588303986753773211e-01
4.195979899497488077e+02 1.587733507013422696e-01
4.221105527638191575e+02 1.588439530275331246e-01
4.246231155778895072e+02 1.587964776243762643e-01
4.271356783919598570e+02 1.588054089401295665e-01
4.296482412060302067e+02 1.587800622196191558e-01
4.321608040201005565e+02 1.587855314570187637e-01
4.346733668341709063e+02 1.587406275763145747e-01
4.371859296482412560e+02 1.587579498013940438e-01
4.396984924623116058e+02 1.587603477239378225e-01
4.422110552763819555e+02 1.587381507046138895e-01
4.447236180904523053e+02 1.587798190592605574e-01
4.472361809045226551e+02 1.587026378071275390e-01
4.497487437185930048e+02 1.587268636920101395e-01
4.522613065326633546e+02 1.587595875301355541e-01
4.547738693467337043e+02 1.586890308559501250e-01
4.572864321608040541e+02 1.586907405684995220e-01
4.597989949748744039e+02 1.587058745936165138e-01
4.623115577889447536e+02 1.586781978771995283e-01
4.648241206030151034e+02 1.586828357030213021e-01
4.673366834170854531e+02 1.586401193508319429e-01
4.698492462311558029e+02 1.587015529834778227e-01
4.723618090452261526e+02 1.587237340507826333e-01
4.748743718592965024e+02 1.586644701521718048e-01
4.773869346733668522e+02 1.587165752383521977e-01
4.798994974874372019e+02 1.586568497915366582e-01
4.824120603015076085e+02 1.586547842934850072e-01
4.849246231155779583e+02 1.586253783768321046e-01
4.874371859296483080e+02 1.586246807464220809e-01
4.899497487437186578e+02 1.586285031068044027e-01
4.924623115577890076e+02 1.586276910735412993e-01
4.949748743718593573e+02 1.585956082858095695e-01
4.974874371859297071e+02 1.586339932358533655e-01
5.000000000000000000e+02 1.587413994803999195e-01
