# r_nm potential_V
0.000000000000000000e+00 2.719435917319180107e-01
2.512562814070351980e+00 2.689348091968653542e-01
5.025125628140703959e+00 2.666609595283799261e-01
7.537688442211056383e+00 2.646477271783593821e-01
1.005025125628140792e+01 2.611791289981709729e-01
1.256281407035175945e+01 2.575277346901022613e-01
1.507537688442211277e+01 2.537978380673278633e-01
1.758793969849246253e+01 2.490362867982892359e-01
2.010050251256281584e+01 2.446909761824760388e-01
2.261306532663316915e+01 2.397203727414054797e-01
2.512562814070351891e+01 2.352646278719784656e-01
2.763819095477387222e+01 2.307708743705856047e-01
3.015075376884422553e+01 2.265335015440062272e-01
3.266331658291457529e+01 2.222115886556691733e-01
3.517587939698492505e+01 2.183482561115946963e-01
3.768844221105528192e+01 2.145840193219764880e-01
4.020100502512563168e+01 2.110250837172543414e-01
4.271356783919598143e+01 2.078640569512172076e-01
4.522613065326633830e+01 2.046203806773513045e-01
4.773869346733668806e+01 2.020323887554894005e-01
5.025125628140703782e+01 1.994324473222859329e-01
5.276381909547739468e+01 1.970531325773222653e-01
5.527638190954774444e+01 1.947882125641636208e-01
5.778894472361809420e+01 1.927045439377087499e-01
6.030150753768845107e+01 1.909362287053058826e-01
6.281407035175880083e+01 1.891271242706804023e-01
6.532663316582915058e+01 1.875545665900843206e-01
6.783919597989950034e+01 1.859844581868743962e-01
7.035175879396985010e+01 1.845722662740475195e-01
7.286432160804021407e+01 1.832374863726577707e-01
7.537688442211056383e+01 1.821387681422172722e-01
7.788944723618091359e+01 1.809621440812327620e-01
8.040201005025126335e+01 1.799743428967461589e-01
8.291457286432161311e+01 1.791085228759977388e-01
8.542713567839196287e+01 1.781174920257363736e-01
8.793969849246231263e+01 1.773016754005879436e-01
9.045226130653267660e+01 1.765195565644907816e-01
9.296482412060302636e+01 1.757884362905567377e-01
9.547738693467337612e+01 1.750168462053277585e-01
9.798994974874372588e+01 1.744391713742361738e-01
1.005025125628140756e+02 1.738453589410560995e-01
1.030150753768844254e+02 1.731363852417335258e-01
1.055276381909547894e+02 1.725530897873837899e-01
1.080402010050251391e+02 1.721916358771408972e-01
1.105527638190954889e+02 1.716569131688773509e-01
1.130653266331658386e+02 1.711743653439571078e-01
1.155778894472361884e+02 1.706236736549384125e-01
1.180904522613065382e+02 1.703057378909270392e-01
1.206030150753769021e+02 1.698944315927002346e-01
1.231155778894472519e+02 1.694953550370263684e-01
1.256281407035176017e+02 1.691311430694149853e-01
1.281407035175879514e+02 1.688160925574940241e-01
1.306532663316583012e+02 1.684781162056255832e-01
1.331658291457286509e+02 1.681028564128370928e-01
1.356783919597990007e+02 1.678188021622017134e-01
1.381909547738693504e+02 1.675214062982838814e-01
1.407035175879397002e+02 1.672429115828302504e-01
1.432160804020100500e+02 1.668956559216843438e-01
1.457286432160804281e+02 1.667064264289166431e-01
1.482412060301507779e+02 1.664386580115418957e-01
1.507537688442211277e+02 1.662198294956202249e-01
1.532663316582914774e+02 1.659946384542413667e-01
1.557788944723618272e+02 1.657744605047359598e-01
1.582914572864321769e+02 1.655129684877557072e-01
1.608040201005025267e+02 1.652672658212762657e-01
1.633165829145728765e+02 1.651643560399619071e-01
1.658291457286432262e+02 1.649578443060399913e-01
1.683417085427135760e+02 1.647727279761724284e-01
1.708542713567839257e+02 1.645900066121664396e-01
1.733668341708542755e+02 1.644089062011324376e-01
1.758793969849246253e+02 1.642557642095020254e-01
1.783919597989950034e+02 1.640737709264715738e-01
1.809045226130653532e+02 1.639231349480362865e-01
1.834170854271357030e+02 1.637561241506156895e-01
1.859296482412060527e+02 1.635835154532329916e-01
1.884422110552764025e+02 1.634904298549318957e-01
1.909547738693467522e+02 1.633373472089046097e-01
1.934673366834171020e+02 1.631954999815032059e-01
1.959798994974874518e+02 1.630353194082606039e-01
1.984924623115578015e+02 1.629713280344589066e-01
2.010050251256281513e+02 1.628276462507209088e-01
2.035175879396985010e+02 1.627254696720567828e-01
2.060301507537688508e+02 1.625707130175406967e-01
2.085427135678392006e+02 1.624566848583378909e-01
2.110552763819095787e+02 1.623531884879014509e-01
2.135678391959799285e+02 1.622437957819767851e-01
2.160804020100502782e+02 1.621295879935001905e-01
2.185929648241206280e+02 1.620475129853984897e-01
2.211055276381909778e+02 1.619392867102849576e-01
2.236180904522613275e+02 1.619025309335810625e-01
2.261306532663316773e+02 1.617695822466513333e-01
2.286432160804020270e+02 1.616835050310209132e-01
2.311557788944723768e+02 1.616107694346723411e-01
2.336683417085427266e+02 1.615302446131823555e-01
2.361809045226130763e+02 1.614288759385420491e-01
2.386934673366834261e+02 1.613632840591446571e-01
2.412060301507538043e+02 1.612149614270488862e-01
2.437185929648241540e+02 1.612066027112050437e-01
2.462311557788945038e+02 1.611821853411463390e-01
2.487437185929648535e+02 1.610202383555342509e-01
2.512562814070352033e+02 1.609792482691158044e-01
2.537688442211055531e+02 1.609240667824664572e-01
2.562814070351759028e+02 1.608380697316903474e-01
2.587939698492462526e+02 1.608047885009419309e-01
2.613065326633166023e+02 1.607309514241791193e-01
2.638190954773869521e+02 1.606304398679206658e-01
2.663316582914573019e+02 1.605918209204554026e-01
2.688442211055276516e+02 1.605357415005611577e-01
2.713567839195980014e+02 1.604942720001887313e-01
2.738693467336683511e+02 1.604387356833176514e-01
2.763819095477387009e+02 1.603999626068988993e-01
2.788944723618090507e+02 1.603220087601527621e-01
2.814070351758794004e+02 1.602811242988381180e-01
2.839195979899497502e+02 1.602295392621195524e-01
2.864321608040200999e+02 1.601557187755492662e-01
2.889447236180904497e+02 1.601309055902086498e-01
2.914572864321608563e+02 1.601343795039349427e-01
2.939698492462312061e+02 1.599974115637589622e-01
2.964824120603015558e+02 1.600029603738299111e-01
2.989949748743719056e+02 1.599319198361946470e-01
3.015075376884422553e+02 1.599304279419931918e-01
3.040201005025126051e+02 1.597958612543831647e-01
3.065326633165829548e+02 1.598681954887754553e-01
3.090452261306533046e+02 1.597661953400971169e-01
3.115577889447236544e+02 1.597658268801620263e-01
3.140703517587940041e+02 1.597060555770937473e-01
3.165829145728643539e+02 1.597420034651372278e-01
3.190954773869347036e+02 1.596554526068376390e-01
3.216080402010050534e+02 1.595826994663757936e-01
3.241206030150754032e+02 1.595713033682370496e-01
3.266331658291457529e+02 1.595568010649955903e-01
3.291457286432161027e+02 1.595459620297030312e-01
3.316582914572864524e+02 1.594772439433688183e-01
3.341708542713568022e+02 1.594395068468087429e-01
3.366834170854271520e+02 1.594280746005669880e-01
3.391959798994975017e+02 1.593765526088940787e-01
3.417085427135678515e+02 1.593475388518148517e-01
3.442211055276382012e+02 1.592976926831091433e-01
3.467336683417085510e+02 1.593771621129171090e-01
3.492462311557789008e+02 1.593609124785659581e-01
3.517587939698492505e+02 1.592463924657648855e-01
3.542713567839196571e+02 1.592501128338196514e-01
3.567839195979900069e+02 1.592459160043339372e-01
3.592964824120603566e+02 1.592301091894637588e-01
3.618090452261307064e+02 1.591847026898471906e-01
3.643216080402010562e+02 1.591991114036618027e-01
3.668341708542714059e+02 1.591627356579676522e-01
3.693467336683417557e+02 1.591473805258082908e-01
3.718592964824121054e+02 1.590977903343408772e-01
3.743718592964824552e+02 1.590937771526649003e-01
3.768844221105528050e+02 1.590982461817307125e-01
3.793969849246231547e+02 1.590551110195234930e-01
3.819095477386935045e+02 1.590157476000618464e-01
3.844221105527638542e+02 1.590446437470519336e-01
3.869346733668342040e+02 1.589969197827153791e-01
3.894472361809045537e+02 1.590243096765644459e-01
3.919597989949749035e+02 1.589503708993799669e-01
3.944723618090452533e+02 1.589583070961048672e-01
3.969849246231156030e+02 1.589379771068860636e-01
3.994974874371859528e+02 1.589355317660011147e-01
4.020100502512563025e+02 1.589083212766423669e-01
4.045226130653266523e+02 1.589598090577092615e-01
4.070351758793970021e+02 1.588984633572388117e-01
4.095477386934673518e+02 1.589293495326442873e-01
4.120603015075377016e+02 1.588794066530953286e-01
4.145728643216080513e+02 1.588406942553870771e-01
4.170854271356784011e+02 1.588540705296330180e-01
4.195979899497488077e+02 1.587967110110805879e-01
4.221105527638191575e+02 1.588670910650637202e-01
4.246231155778895072e+02 1.588193296691192968e-01
4.271356783919598570e+02 1.588280281002925343e-01
4.296482412060302067e+02 1.588024285110543055e-01
4.321608040201005565e+02 1.588076841456245447e-01
4.346733668341709063e+02 1.587625391810490172e-01
4.371859296482412560e+02 1.587796582762601438e-01
4.396984924623116058e+02 1.587818603096554926e-01
4.422110552763819555e+02 1.587594657069835158e-01
4.447236180904523053e+02 1.588009865636580142e-01
4.472361809045226551e+02 1.587235958215861553e-01
4.497487437185930048e+02 1.587476713518347904e-01
4.522613065326633546e+02 1.587802641943556470e-01
4.547738693467337043e+02 1.587095284581722943e-01
4.572864321608040541e+02 1.587111031733720590e-01
4.597989949748744039e+02 1.587261189809573980e-01
4.623115577889447536e+02 1.586983101827879605e-01
4.648241206030151034e+02 1.587028451137617036e-01
4.673366834170854531e+02 1.586600078541487435e-01
4.698492462311558029e+02 1.587213810384771606e-01
4.723618090452261526e+02 1.587434836151311035e-01
4.748743718592965024e+02 1.586841058411303795e-01
4.773869346733668522e+02 1.587361682865086610e-01
4.798994974874372019e+02 1.586763534265322462e-01
4.824120603015076085e+02 1.586742428126265425e-01
4.849246231155779583e+02 1.586447793141089746e-01
4.874371859296483080e+02 1.586440474986459126e-01
4.899497487437186578e+02 1.586478372830916472e-01
4.924623115577890076e+02 1.586469956396404646e-01
4.949748743718593573e+02 1.586148824829283210e-01
4.974874371859297071e+02 1.586532853128237719e-01
5.000000000000000000e+02 1.587607593645569692e-01
