# r_nm potential_V
0.000000000000000000e+00 2.204484649736385693e-01
2.512562814070351980e+00 2.189718323253281584e-01
5.025125628140703959e+00 2.177482977923735075e-01
7.537688442211056383e+00 2.165662018973204539e-01
1.005025125628140792e+01 2.146409935667759061e-01
1.256281407035175945e+01 2.125630473796847331e-01
1.507537688442211277e+01 2.104007437618500287e-01
1.758793969849246253e+01 2.076853396055627632e-01
2.010050251256281584e+01 2.051538230661512086e-01
2.261306532663316915e+01 2.023249641908936858e-01
2.512562814070351891e+01 1.997357176262160028e-01
2.763819095477387222e+01 1.971328958812769150e-01
3.015075376884422553e+01 1.946810260774559931e-01
3.266331658291457529e+01 1.921920438722395374e-01
3.517587939698492505e+01 1.899621047576883492e-01
3.768844221105528192e+01 1.877925275559902407e-01
4.020100502512563168e+01 1.857501057814638645e-01
4.271356783919598143e+01 1.839538061757372556e-01
4.522613065326633830e+01 1.821062199643440072e-01
4.773869346733668806e+01 1.806521721505454647e-01
5.025125628140703782e+01 1.791938915703785440e-01
5.276381909547739468e+01 1.778707688029762535e-01
5.527638190954774444e+01 1.766188718403114977e-01
5.778894472361809420e+01 1.754673630595345035e-01
6.030150753768845107e+01 1.745189149224043168e-01
6.281407035175880083e+01 1.735321440392008363e-01
6.532663316582915058e+01 1.726926125384962984e-01
6.783919597989950034e+01 1.718404712617774277e-01
7.035175879396985010e+01 1.710831611407472863e-01
7.286432160804021407e+01 1.703611925327382925e-01
7.537688442211056383e+01 1.697966100021917613e-01
7.788944723618091359e+01 1.691684122188097661e-01
8.040201005025126335e+01 1.686637756340124417e-01
8.291457286432161311e+01 1.682405062228770065e-01
8.542713567839196287e+01 1.677074253809815174e-01
8.793969849246231263e+01 1.672945867346588844e-01
9.045226130653267660e+01 1.668971767521315874e-01
9.296482412060302636e+01 1.665248717158610836e-01
9.547738693467337612e+01 1.661160271707241842e-01
9.798994974874372588e+01 1.658461143003033267e-01
1.005025125628140756e+02 1.655515847106879546e-01
1.030150753768844254e+02 1.651576140692397054e-01
1.055276381909547894e+02 1.648586379109062694e-01
1.080402010050251391e+02 1.647307335783388949e-01
1.105527638190954889e+02 1.644540790527742047e-01
1.130653266331658386e+02 1.642119056351756534e-01
1.155778894472361884e+02 1.639055633984522198e-01
1.180904522613065382e+02 1.637844958692705188e-01
1.206030150753769021e+02 1.635796481033258420e-01
1.231155778894472519e+02 1.633801842152132200e-01
1.256281407035176017e+02 1.632040593317840016e-01
1.281407035175879514e+02 1.630641812519953993e-01
1.306532663316583012e+02 1.628996057730423552e-01
1.331658291457286509e+02 1.626970488031987405e-01
1.356783919597990007e+02 1.625693511200010932e-01
1.381909547738693504e+02 1.624244519252484031e-01
1.407035175879397002e+02 1.622904290122337834e-01
1.432160804020100500e+02 1.620928551912156901e-01
1.457286432160804281e+02 1.620319210887609385e-01
1.482412060301507779e+02 1.618976471738832745e-01
1.507537688442211277e+02 1.618018706668095663e-01
1.532663316582914774e+02 1.616963759785580990e-01
1.557788944723618272e+02 1.615919573637864259e-01
1.582914572864321769e+02 1.614469585318182021e-01
1.608040201005025267e+02 1.613154050297839204e-01
1.633165829145728765e+02 1.613079357699136462e-01
1.658291457286432262e+02 1.612049690834236049e-01
1.683417085427135760e+02 1.611187630176791341e-01
1.708542713567839257e+02 1.610318021285933598e-01
1.733668341708542755e+02 1.609435317098945051e-01
1.758793969849246253e+02 1.608777289552196788e-01
1.783919597989950034e+02 1.607837474907116426e-01
1.809045226130653532e+02 1.607164671401466738e-01
1.834170854271357030e+02 1.606311889819302396e-01
1.859296482412060527e+02 1.605392290544135625e-01
1.884422110552764025e+02 1.605185034321211235e-01
1.909547738693467522e+02 1.604401240261530970e-01
1.934673366834171020e+02 1.603715328981400734e-01
1.959798994974874518e+02 1.602825974957412802e-01
1.984924623115578015e+02 1.602817146940465620e-01
2.010050251256281513e+02 1.602054093529567680e-01
2.035175879396985010e+02 1.601659455577273961e-01
2.060301507537688508e+02 1.600769054197351271e-01
2.085427135678392006e+02 1.600230238169770558e-01
2.110552763819095787e+02 1.599776474888237876e-01
2.135678391959799285e+02 1.599251697048381105e-01
2.160804020100502782e+02 1.598672035921500367e-01
2.185929648241206280e+02 1.598373826293653377e-01
2.211055276381909778e+02 1.597816319442769972e-01
2.236180904522613275e+02 1.597920698956749597e-01
2.261306532663316773e+02 1.597110981463604473e-01
2.286432160804020270e+02 1.596736063704357333e-01
2.311557788944723768e+02 1.596468075520941221e-01
2.336683417085427266e+02 1.596117490277290940e-01
2.361809045226130763e+02 1.595559572741958587e-01
2.386934673366834261e+02 1.595329528424686005e-01
2.412060301507538043e+02 1.594299443060669674e-01
2.437185929648241540e+02 1.594591794084172509e-01
2.462311557788945038e+02 1.594723122011745819e-01
2.487437185929648535e+02 1.593532974077623565e-01
2.512562814070352033e+02 1.593488437690647186e-01
2.537688442211055531e+02 1.593297040361225381e-01
2.562814070351759028e+02 1.592801060836765148e-01
2.587939698492462526e+02 1.592803063600708446e-01
2.613065326633166023e+02 1.592408669846656355e-01
2.638190954773869521e+02 1.591750673008149874e-01
2.663316582914573019e+02 1.591678982143076571e-01
2.688442211055276516e+02 1.591431573421487333e-01
2.713567839195980014e+02 1.591317223719545815e-01
2.738693467336683511e+02 1.591060938180149376e-01
2.763819095477387009e+02 1.590958209634518727e-01
2.788944723618090507e+02 1.590469199481813478e-01
2.814070351758794004e+02 1.590334133255769389e-01
2.839195979899497502e+02 1.590084078689174840e-01
2.864321608040200999e+02 1.589620426242072115e-01
2.889447236180904497e+02 1.589617474485610360e-01
2.914572864321608563e+02 1.589883655481346414e-01
2.939698492462312061e+02 1.588784063707099348e-01
2.964824120603015558e+02 1.589066254300747216e-01
2.989949748743719056e+02 1.588593175650980516e-01
3.015075376884422553e+02 1.588785630506751034e-01
3.040201005025126051e+02 1.587683985006731191e-01
3.065326633165829548e+02 1.588588341058962128e-01
3.090452261306533046e+02 1.587792640758725338e-01
3.115577889447236544e+02 1.587982843170662184e-01
3.140703517587940041e+02 1.587587021124704234e-01
3.165829145728643539e+02 1.588119806405050571e-01
3.190954773869347036e+02 1.587451479836903823e-01
3.216080402010050534e+02 1.586913354472331839e-01
3.241206030150754032e+02 1.586971195986353333e-01
3.266331658291457529e+02 1.586993394649398592e-01
3.291457286432161027e+02 1.587050651911333932e-01
3.316582914572864524e+02 1.586534899014176436e-01
3.341708542713568022e+02 1.586313332182830438e-01
3.366834170854271520e+02 1.586350246496371075e-01
3.391959798994975017e+02 1.585991641621800619e-01
3.417085427135678515e+02 1.585849272829754630e-01
3.442211055276382012e+02 1.585497980407706009e-01
3.467336683417085510e+02 1.586410131781568478e-01
3.492462311557789008e+02 1.586382572218231757e-01
3.517587939698492505e+02 1.585386567441165184e-01
3.542713567839196571e+02 1.585544313605075639e-01
3.567839195979900069e+02 1.585622645476042758e-01
3.592964824120603566e+02 1.585583277139955838e-01
3.618090452261307064e+02 1.585250280568585302e-01
3.643216080402010562e+02 1.585503622057446715e-01
3.668341708542714059e+02 1.585252040833972087e-01
3.693467336683417557e+02 1.585204130652893006e-01
3.718592964824121054e+02 1.584817166073856087e-01
3.743718592964824552e+02 1.584874422077220124e-01
3.768844221105528050e+02 1.585014606535526116e-01
3.793969849246231547e+02 1.584682870369635010e-01
3.819095477386935045e+02 1.584385366164688946e-01
3.844221105527638542e+02 1.584757320516603785e-01
3.869346733668342040e+02 1.584372831551011107e-01
3.894472361809045537e+02 1.584724808859669376e-01
3.919597989949749035e+02 1.584075204355640809e-01
3.944723618090452533e+02 1.584228998093885066e-01
3.969849246231156030e+02 1.584102966396851442e-01
3.994974874371859528e+02 1.584151977710019366e-01
4.020100502512563025e+02 1.583955349974741356e-01
4.045226130653266523e+02 1.584531477208160621e-01
4.070351758793970021e+02 1.583992116484626567e-01
4.095477386934673518e+02 1.584359809613541115e-01
4.120603015075377016e+02 1.583926857220102902e-01
4.145728643216080513e+02 1.583602687913982510e-01
4.170854271356784011e+02 1.583790037953327900e-01
4.195979899497488077e+02 1.583279120098269044e-01
4.221105527638191575e+02 1.584027742376374892e-01
4.246231155778895072e+02 1.583607658023751530e-01
4.271356783919598570e+02 1.583741552704813482e-01
4.296482412060302067e+02 1.583536437535741637e-01
4.321608040201005565e+02 1.583632015936507209e-01
4.346733668341709063e+02 1.583229052745856458e-01
4.371859296482412560e+02 1.583441130176536094e-01
4.396984924623116058e+02 1.583502576403677253e-01
4.422110552763819555e+02 1.583318379794882436e-01
4.447236180904523053e+02 1.583763321066951335e-01
4.472361809045226551e+02 1.583031513834911308e-01
4.497487437185930048e+02 1.583302533353967145e-01
4.522613065326633546e+02 1.583654851888751103e-01
4.547738693467337043e+02 1.582983473653509221e-01
4.572864321608040541e+02 1.583026379049981835e-01
4.597989949748744039e+02 1.583200333396297954e-01
4.623115577889447536e+02 1.582948797921606698e-01
4.648241206030151034e+02 1.583014859606030611e-01
4.673366834170854531e+02 1.582610785528434094e-01
4.698492462311558029e+02 1.583236724903436532e-01
4.723618090452261526e+02 1.583473548560298538e-01
4.748743718592965024e+02 1.582902626170249738e-01
4.773869346733668522e+02 1.583431866036395796e-01
4.798994974874372019e+02 1.582851666926739509e-01
4.824120603015076085e+02 1.582839654708145527e-01
4.849246231155779583e+02 1.582556587966964801e-01
4.874371859296483080e+02 1.582556154993420283e-01
4.899497487437186578e+02 1.582600599745333236e-01
4.924623115577890076e+02 1.582598127067054439e-01
4.949748743718593573e+02 1.582283086425335938e-01
4.974874371859297071e+02 1.582663554529542549e-01
5.000000000000000000e+02 1.583724749652903330e-01
