# r_nm potential_V
0.000000000000000000e+00 1.944523518462239753e-01
2.512562814070351980e+00 1.935627232976337153e-01
5.025125628140703959e+00 1.928011505695441941e-01
7.537688442211056383e+00 1.920565448879590353e-01
1.005025125628140792e+01 1.908670104030396608e-01
1.256281407035175945e+01 1.895813753660602619e-01
1.507537688442211277e+01 1.882485198488032530e-01
1.758793969849246253e+01 1.865648154823286442e-01
2.010050251256281584e+01 1.850025062392109398e-01
2.261306532663316915e+01 1.832770605759367344e-01
2.512562814070351891e+01 1.817007926137645946e-01
2.763819095477387222e+01 1.801169198938171734e-01
3.015075376884422553e+01 1.786475419107673435e-01
3.266331658291457529e+01 1.771447376900194548e-01
3.517587939698492505e+01 1.758209763916799007e-01
3.768844221105528192e+01 1.745253552556320642e-01
4.020100502512563168e+01 1.733087589835342057e-01
4.271356783919598143e+01 1.722673883744945400e-01
4.522613065326633830e+01 1.711673909625618939e-01
4.773869346733668806e+01 1.703454145584017698e-01
5.025125628140703782e+01 1.695046102703308410e-01
5.276381909547739468e+01 1.687489140983149394e-01
5.527638190954774444e+01 1.680335192530850175e-01
5.778894472361809420e+01 1.673739380718952119e-01
6.030150753768845107e+01 1.668623272223480059e-01
6.281407035175880083e+01 1.663008265838614164e-01
6.532663316582915058e+01 1.658425107863968073e-01
6.783919597989950034e+01 1.653552167937232809e-01
7.035175879396985010e+01 1.649303950071730751e-01
7.286432160804021407e+01 1.645170458013607562e-01
7.537688442211056383e+01 1.642239238993677408e-01
7.788944723618091359e+01 1.638664747966412372e-01
8.040201005025126335e+01 1.636018928038434628e-01
8.291457286432161311e+01 1.633983273150634574e-01
8.542713567839196287e+01 1.630861539031193408e-01
8.793969849246231263e+01 1.628692198694689508e-01
9.045226130653267660e+01 1.626573403894546188e-01
9.296482412060302636e+01 1.624571170083322635e-01
9.547738693467337612e+01 1.622191254978758990e-01
9.798994974874372588e+01 1.620961775563111162e-01
1.005025125628140756e+02 1.619432951909683671e-01
1.030150753768844254e+02 1.616952490451707691e-01
1.055276381909547894e+02 1.615281398443971506e-01
1.080402010050251391e+02 1.615107811657675585e-01
1.105527638190954889e+02 1.613527743632332812e-01
1.130653266331658386e+02 1.612210392822639449e-01
1.155778894472361884e+02 1.610253734998230990e-01
1.180904522613065382e+02 1.609953367329079177e-01
1.206030150753769021e+02 1.608842913747603187e-01
1.231155778894472519e+02 1.607750249021918931e-01
1.256281407035176017e+02 1.606837401501679807e-01
1.281407035175879514e+02 1.606229191240804433e-01
1.306532663316583012e+02 1.605360068111551242e-01
1.331658291457286509e+02 1.604101805963778493e-01
1.356783919597990007e+02 1.603522899073427377e-01
1.381909547738693504e+02 1.602751055729474683e-01
1.407035175879397002e+02 1.602051963920756439e-01
1.432160804020100500e+02 1.600732882707349980e-01
1.457286432160804281e+02 1.600692016431153608e-01
1.482412060301507779e+02 1.599934233353290935e-01
1.507537688442211277e+02 1.599516749142382011e-01
1.532663316582914774e+02 1.598985616528163234e-01
1.557788944723618272e+02 1.598446569507206150e-01
1.582914572864321769e+02 1.597501768685666568e-01
1.608040201005025267e+02 1.596679883358460561e-01
1.633165829145728765e+02 1.597022566452092895e-01
1.658291457286432262e+02 1.596439767274295263e-01
1.683417085427135760e+02 1.596004482579654882e-01
1.708542713567839257e+02 1.595547041988054915e-01
1.733668341708542755e+02 1.595063114616980526e-01
1.758793969849246253e+02 1.594780514104909841e-01
1.783919597989950034e+02 1.594216983962226386e-01
1.809045226130653532e+02 1.593900780415648255e-01
1.834170854271357030e+02 1.593396770913521054e-01
1.859296482412060527e+02 1.592820243646316525e-01
1.884422110552764025e+02 1.592922147564735935e-01
1.909547738693467522e+02 1.592455522070670426e-01
1.934673366834171020e+02 1.592080090083965171e-01
1.959798994974874518e+02 1.591492208539097009e-01
1.984924623115578015e+02 1.591751672131917761e-01
2.010050251256281513e+02 1.591272875964750699e-01
2.035175879396985010e+02 1.591143231561992222e-01
2.060301507537688508e+02 1.590528923289861729e-01
2.085427135678392006e+02 1.590243308548251466e-01
2.110552763819095787e+02 1.590034098916799088e-01
2.135678391959799285e+02 1.589748308205617966e-01
2.160804020100502782e+02 1.589404437533662728e-01
2.185929648241206280e+02 1.589325599774793762e-01
2.211055276381909778e+02 1.588987684534269029e-01
2.236180904522613275e+02 1.589290221319176466e-01
2.261306532663316773e+02 1.588697019550422140e-01
2.286432160804020270e+02 1.588524705393611902e-01
2.311557788944723768e+02 1.588448369757055889e-01
2.336683417085427266e+02 1.588287148037416108e-01
2.361809045226130763e+02 1.587918586049714975e-01
2.386934673366834261e+02 1.587865681268735008e-01
2.412060301507538043e+02 1.587023208554532716e-01
2.437185929648241540e+02 1.587472237002406084e-01
2.462311557788945038e+02 1.587759655385745927e-01
2.487437185929648535e+02 1.586746631774868799e-01
2.512562814070352033e+02 1.586853580710968492e-01
2.537688442211055531e+02 1.586811436676448805e-01
2.562814070351759028e+02 1.586465813284682058e-01
2.587939698492462526e+02 1.586606350848323022e-01
2.613065326633166023e+02 1.586353879947696166e-01
2.638190954773869521e+02 1.585838817462319472e-01
2.663316582914573019e+02 1.585896894493142861e-01
2.688442211055276516e+02 1.585778588246916365e-01
2.713567839195980014e+02 1.585787988620903366e-01
2.738693467336683511e+02 1.585654746327531672e-01
2.763819095477387009e+02 1.585669267712063735e-01
2.788944723618090507e+02 1.585299552313661486e-01
2.814070351758794004e+02 1.585276953309660841e-01
2.839195979899497502e+02 1.585136043606933109e-01
2.864321608040200999e+02 1.584784868712715289e-01
2.889447236180904497e+02 1.584882572487148478e-01
2.914572864321608563e+02 1.585243820947690452e-01
2.939698492462312061e+02 1.584254491121693253e-01
2.964824120603015558e+02 1.584629592908575468e-01
2.989949748743719056e+02 1.584253542864446085e-01
3.015075376884422553e+02 1.584531012018623730e-01
3.040201005025126051e+02 1.583528851015504890e-01
3.065326633165829548e+02 1.584507526057706284e-01
3.090452261306533046e+02 1.583803258928651037e-01
3.115577889447236544e+02 1.584072687503987886e-01
3.140703517587940041e+02 1.583759220925077260e-01
3.165829145728643539e+02 1.584362886243020074e-01
3.190954773869347036e+02 1.583774867030941225e-01
3.216080402010050534e+02 1.583313877693160177e-01
3.241206030150754032e+02 1.583441770218921851e-01
3.266331658291457529e+02 1.583532141872595334e-01
3.291457286432161027e+02 1.583656860805112976e-01
3.316582914572864524e+02 1.583210825468388261e-01
3.341708542713568022e+02 1.583052715631629859e-01
3.366834170854271520e+02 1.583151178162127692e-01
3.391959798994975017e+02 1.582856200238410282e-01
3.417085427135678515e+02 1.582773893831087020e-01
3.442211055276382012e+02 1.582482378162164693e-01
3.467336683417085510e+02 1.583442413786058933e-01
3.492462311557789008e+02 1.583469653994828974e-01
3.517587939698492505e+02 1.582534094153877080e-01
3.542713567839196571e+02 1.582740833487515930e-01
3.567839195979900069e+02 1.582868021147709747e-01
3.592964824120603566e+02 1.582876823380548470e-01
3.618090452261307064e+02 1.582592913727234596e-01
3.643216080402010562e+02 1.582890598275727978e-01
3.668341708542714059e+02 1.582684488189161354e-01
3.693467336683417557e+02 1.582679416605631273e-01
3.718592964824121054e+02 1.582336569590071795e-01
3.743718592964824552e+02 1.582433311891041361e-01
3.768844221105528050e+02 1.582612202643103871e-01
3.793969849246231547e+02 1.582320783269133280e-01
3.819095477386935045e+02 1.582062185827258771e-01
3.844221105527638542e+02 1.582467786739300275e-01
3.869346733668342040e+02 1.582120810632489938e-01
3.894472361809045537e+02 1.582504424500694729e-01
3.919597989949749035e+02 1.581891112569164259e-01
3.944723618090452533e+02 1.582075054907809697e-01
3.969849246231156030e+02 1.581980279279968371e-01
3.994974874371859528e+02 1.582059004895539078e-01
4.020100502512563025e+02 1.581892879907245697e-01
4.045226130653266523e+02 1.582493813719015874e-01
4.070351758793970021e+02 1.581984369631544429e-01
4.095477386934673518e+02 1.582375880593473727e-01
4.120603015075377016e+02 1.581969776955843843e-01
4.145728643216080513e+02 1.581671035376142342e-01
4.170854271356784011e+02 1.581880064340804859e-01
4.195979899497488077e+02 1.581394437611188253e-01
4.221105527638191575e+02 1.582161207908665546e-01
4.246231155778895072e+02 1.581764333204545570e-01
4.271356783919598570e+02 1.581917191112657273e-01
4.296482412060302067e+02 1.581732611564551916e-01
4.321608040201005565e+02 1.581845578744146275e-01
4.346733668341709063e+02 1.581462171204416067e-01
4.371859296482412560e+02 1.581690758740478542e-01
4.396984924623116058e+02 1.581768123391308623e-01
4.422110552763819555e+02 1.581599965484121739e-01
4.447236180904523053e+02 1.582056938872935525e-01
4.472361809045226551e+02 1.581342092434486202e-01
4.497487437185930048e+02 1.581625332985930055e-01
4.522613065326633546e+02 1.581988321469585956e-01
4.547738693467337043e+02 1.581331434411362424e-01
4.572864321608040541e+02 1.581385297839832671e-01
4.597989949748744039e+02 1.581568861808031468e-01
4.623115577889447536e+02 1.581328028582702216e-01
4.648241206030151034e+02 1.581402454767630028e-01
4.673366834170854531e+02 1.581008169930043505e-01
4.698492462311558029e+02 1.581639062543050978e-01
4.723618090452261526e+02 1.581882264840049346e-01
4.748743718592965024e+02 1.581320532527126232e-01
4.773869346733668522e+02 1.581853270535291955e-01
4.798994974874372019e+02 1.581280291142361516e-01
4.824120603015076085e+02 1.581271958640050879e-01
4.849246231155779583e+02 1.580993550152670346e-01
4.874371859296483080e+02 1.580995899959521389e-01
4.899497487437186578e+02 1.581042982409155140e-01
4.924623115577890076e+02 1.581042900211050983e-01
4.949748743718593573e+02 1.580730306171438393e-01
4.974874371859297071e+02 1.581109359572780704e-01
5.000000000000000000e+02 1.582165146027456337e-01
