# r_nm potential_V
0.000000000000000000e+00 1.980325976904923624e-01
2.512562814070351980e+00 1.970703940538453547e-01
5.025125628140703959e+00 1.962465431304791785e-01
7.537688442211056383e+00 1.954383429122246441e-01
1.005025125628140792e+01 1.941460176283942851e-01
1.256281407035175945e+01 1.927475018578077015e-01
1.507537688442211277e+01 1.912945865307209004e-01
1.758793969849246253e+01 1.894646275410331593e-01
2.010050251256281584e+01 1.877624992707477569e-01
2.261306532663316915e+01 1.858807063084590705e-01
2.512562814070351891e+01 1.841589421062802823e-01
2.763819095477387222e+01 1.824296833778547566e-01
3.015075376884422553e+01 1.808199188957507753e-01
3.266331658291457529e+01 1.791776904526141967e-01
3.517587939698492505e+01 1.777252934451131472e-01
3.768844221105528192e+01 1.763064340488690318e-01
4.020100502512563168e+01 1.749739476537501837e-01
4.271356783919598143e+01 1.738265508575533858e-01
4.522613065326633830e+01 1.726227596547995069e-01
4.773869346733668806e+01 1.717123173811777592e-01
5.025125628140703782e+01 1.707859654081407552e-01
5.276381909547739468e+01 1.699519513291931905e-01
5.527638190954774444e+01 1.691629361620196614e-01
5.778894472361809420e+01 1.684360341365606084e-01
6.030150753768845107e+01 1.678646319209959048e-01
6.281407035175880083e+01 1.672454681268924215e-01
6.532663316582915058e+01 1.667354793970022564e-01
6.783919597989950034e+01 1.661990853201080753e-01
7.035175879396985010e+01 1.657295820056193525e-01
7.286432160804021407e+01 1.652748772701256585e-01
7.537688442211056383e+01 1.649453250286985750e-01
7.788944723618091359e+01 1.645518453931912595e-01
8.040201005025126335e+01 1.642552995211890021e-01
8.291457286432161311e+01 1.640225066718085656e-01
8.542713567839196287e+01 1.636811673185349092e-01
8.793969849246231263e+01 1.634383259538252642e-01
9.045226130653267660e+01 1.632019660143979589e-01
9.296482412060302636e+01 1.629790702761858834e-01
9.547738693467337612e+01 1.627186698340706006e-01
9.798994974874372588e+01 1.625763773192591410e-01
1.005025125628140756e+02 1.624048942690687891e-01
1.030150753768844254e+02 1.621377965377550079e-01
1.055276381909547894e+02 1.619534722247499559e-01
1.080402010050251391e+02 1.619216171352816647e-01
1.105527638190954889e+02 1.617481779297899880e-01
1.130653266331658386e+02 1.616020920216741097e-01
1.155778894472361884e+02 1.613921053473552081e-01
1.180904522613065382e+02 1.613502368382181140e-01
1.206030150753769021e+02 1.612270584795736095e-01
1.231155778894472519e+02 1.611061452602682575e-01
1.256281407035176017e+02 1.610039135874397065e-01
1.281407035175879514e+02 1.609328925989740311e-01
1.306532663316583012e+02 1.608359798504116756e-01
1.331658291457286509e+02 1.607002933722059268e-01
1.356783919597990007e+02 1.606334220843141647e-01
1.381909547738693504e+02 1.605475381522222245e-01
1.407035175879397002e+02 1.604693935040542030e-01
1.432160804020100500e+02 1.603290745858060307e-01
1.457286432160804281e+02 1.603176891837040374e-01
1.482412060301507779e+02 1.602344212386710709e-01
1.507537688442211277e+02 1.601857520683961922e-01
1.532663316582914774e+02 1.601259347540985034e-01
1.557788944723618272e+02 1.600655697993366156e-01
1.582914572864321769e+02 1.599646390987544131e-01
1.608040201005025267e+02 1.598761518561506167e-01
1.633165829145728765e+02 1.599050801637819930e-01
1.658291457286432262e+02 1.598411015322294126e-01
1.683417085427135760e+02 1.597921307824720916e-01
1.708542713567839257e+02 1.597411335795939080e-01
1.733668341708542755e+02 1.596876601895003411e-01
1.758793969849246253e+02 1.596546150757752469e-01
1.783919597989950034e+02 1.595934707947588294e-01
1.809045226130653532e+02 1.595573067685428503e-01
1.834170854271357030e+02 1.595024628080796425e-01
1.859296482412060527e+02 1.594404428875479673e-01
1.884422110552764025e+02 1.594466935038867661e-01
1.909547738693467522e+02 1.593959954949347724e-01
1.934673366834171020e+02 1.593545029234268440e-01
1.959798994974874518e+02 1.592918860301402451e-01
1.984924623115578015e+02 1.593144305076191758e-01
2.010050251256281513e+02 1.592629667104437097e-01
2.035175879396985010e+02 1.592466731632069810e-01
2.060301507537688508e+02 1.591817813394934000e-01
2.085427135678392006e+02 1.591500359457436731e-01
2.110552763819095787e+02 1.591260216594148902e-01
2.135678391959799285e+02 1.590944022578441031e-01
2.160804020100502782e+02 1.590570052936930157e-01
2.185929648241206280e+02 1.590463196782943289e-01
2.211055276381909778e+02 1.590097340352857602e-01
2.236180904522613275e+02 1.590374732646716305e-01
2.261306532663316773e+02 1.589754206700143002e-01
2.286432160804020270e+02 1.589556382517514632e-01
2.311557788944723768e+02 1.589455944553077038e-01
2.336683417085427266e+02 1.589270926388289540e-01
2.361809045226130763e+02 1.588878575383664560e-01
2.386934673366834261e+02 1.588803401719349473e-01
2.412060301507538043e+02 1.587937344760877723e-01
2.437185929648241540e+02 1.588366639756761123e-01
2.462311557788945038e+02 1.588634393645719511e-01
2.487437185929648535e+02 1.587599076247818985e-01
2.512562814070352033e+02 1.587686927887435040e-01
2.537688442211055531e+02 1.587625959412911625e-01
2.562814070351759028e+02 1.587261351080225258e-01
2.587939698492462526e+02 1.587384303155774390e-01
2.613065326633166023e+02 1.587113593380346521e-01
2.638190954773869521e+02 1.586579580711482418e-01
2.663316582914573019e+02 1.586619221223062870e-01
2.688442211055276516e+02 1.586483474408175998e-01
2.713567839195980014e+02 1.586484551340347215e-01
2.738693467336683511e+02 1.586346937449250039e-01
2.763819095477387009e+02 1.586340965777555123e-01
2.788944723618090507e+02 1.585950960687118605e-01
2.814070351758794004e+02 1.585912582571236407e-01
2.839195979899497502e+02 1.585757226752896876e-01
2.864321608040200999e+02 1.585391542508357288e-01
2.889447236180904497e+02 1.585476413701936427e-01
2.914572864321608563e+02 1.585825624532470890e-01
2.939698492462312061e+02 1.584822412163209016e-01
2.964824120603015558e+02 1.585185817107134520e-01
2.989949748743719056e+02 1.584797567235577687e-01
3.015075376884422553e+02 1.585064342060316100e-01
3.040201005025126051e+02 1.584049684704726679e-01
3.065326633165829548e+02 1.585019008127666607e-01
3.090452261306533046e+02 1.584303256557848816e-01
3.115577889447236544e+02 1.584562727906446977e-01
3.140703517587940041e+02 1.584238915284697791e-01
3.165829145728643539e+02 1.584833670367230551e-01
3.190954773869347036e+02 1.584235566481674296e-01
3.216080402010050534e+02 1.583764890895634769e-01
3.241206030150754032e+02 1.583883984265768430e-01
3.266331658291457529e+02 1.583965793054963322e-01
3.291457286432161027e+02 1.584082040696554727e-01
3.316582914572864524e+02 1.583627253933557466e-01
3.341708542713568022e+02 1.583461175657860098e-01
3.366834170854271520e+02 1.583551910982923250e-01
3.391959798994975017e+02 1.583248948355127361e-01
3.417085427135678515e+02 1.583159103679147861e-01
3.442211055276382012e+02 1.582860086928476739e-01
3.467336683417085510e+02 1.583814108297978696e-01
3.492462311557789008e+02 1.583834472242463542e-01
3.517587939698492505e+02 1.582891332345656710e-01
3.542713567839196571e+02 1.583091922801032614e-01
3.567839195979900069e+02 1.583212980026779682e-01
3.592964824120603566e+02 1.583215738887484847e-01
3.618090452261307064e+02 1.582925672281707552e-01
3.643216080402010562e+02 1.583217793395520767e-01
3.668341708542714059e+02 1.583005980108294908e-01
3.693467336683417557e+02 1.582995534923043179e-01
3.718592964824121054e+02 1.582647155634848979e-01
3.743718592964824552e+02 1.582738944919778179e-01
3.768844221105528050e+02 1.582912980925017254e-01
3.793969849246231547e+02 1.582616506959454716e-01
3.819095477386935045e+02 1.582353032187312769e-01
3.844221105527638542e+02 1.582754414262047271e-01
3.869346733668342040e+02 1.582402738019077493e-01
3.894472361809045537e+02 1.582782386805615671e-01
3.919597989949749035e+02 1.582164528008122573e-01
3.944723618090452533e+02 1.582344690112661156e-01
3.969849246231156030e+02 1.582245995084945178e-01
3.994974874371859528e+02 1.582320994053653951e-01
4.020100502512563025e+02 1.582151044115218674e-01
4.045226130653266523e+02 1.582748864941615485e-01
4.070351758793970021e+02 1.582235670650046500e-01
4.095477386934673518e+02 1.582624194369296466e-01
4.120603015075377016e+02 1.582214726340418487e-01
4.145728643216080513e+02 1.581912799347875154e-01
4.170854271356784011e+02 1.582119111983288084e-01
4.195979899497488077e+02 1.581630317865311830e-01
4.221105527638191575e+02 1.582394813349460860e-01
4.246231155778895072e+02 1.581995031744524716e-01
4.271356783919598570e+02 1.582145513531305892e-01
4.296482412060302067e+02 1.581958361825763493e-01
4.321608040201005565e+02 1.582069150239447108e-01
4.346733668341709063e+02 1.581683293585437744e-01
4.371859296482412560e+02 1.581909812775697532e-01
4.396984924623116058e+02 1.581985183176796150e-01
4.422110552763819555e+02 1.581815016190298573e-01
4.447236180904523053e+02 1.582270481258008787e-01
4.472361809045226551e+02 1.581553510945191421e-01
4.497487437185930048e+02 1.581835220230225214e-01
4.522613065326633546e+02 1.582196871360796175e-01
4.547738693467337043e+02 1.581538169737003729e-01
4.572864321608040541e+02 1.581590660389041170e-01
4.597989949748744039e+02 1.581773020244634509e-01
4.623115577889447536e+02 1.581530846639047916e-01
4.648241206030151034e+02 1.581604224717810536e-01
4.673366834170854531e+02 1.581208713989385173e-01
4.698492462311558029e+02 1.581838985202876358e-01
4.723618090452261526e+02 1.582081388265331734e-01
4.748743718592965024e+02 1.581518505654341544e-01
4.773869346733668522e+02 1.582050804732535176e-01
4.798994974874372019e+02 1.581476921594335006e-01
4.824120603015076085e+02 1.581468127780276955e-01
4.849246231155779583e+02 1.581189136018306962e-01
4.874371859296483080e+02 1.581191137058723661e-01
4.899497487437186578e+02 1.581237889187467605e-01
4.924623115577890076e+02 1.581237507760986927e-01
4.949748743718593573e+02 1.580924607567217866e-01
4.974874371859297071e+02 1.581303837506892185e-01
5.000000000000000000e+02 1.582360299743959808e-01
