# r_nm potential_V
0.000000000000000000e+00 2.262335507266374224e-01
2.512562814070351980e+00 2.246064487666785681e-01
5.025125628140703959e+00 2.232747555066088019e-01
7.537688442211056383e+00 2.219991758227717882e-01
1.005025125628140792e+01 2.199094268931711949e-01
1.256281407035175945e+01 2.176591330613878716e-01
1.507537688442211277e+01 2.153209161395745752e-01
1.758793969849246253e+01 2.123812810705439091e-01
2.010050251256281584e+01 2.096448063673796991e-01
2.261306532663316915e+01 2.065774037256431772e-01
2.512562814070351891e+01 2.037739651767301596e-01
2.763819095477387222e+01 2.009541530892001715e-01
3.015075376884422553e+01 1.982941442818064171e-01
3.266331658291457529e+01 1.955933612580555703e-01
3.517587939698492505e+01 1.931705350801702081e-01
3.768844221105528192e+01 1.908134257257628197e-01
4.020100502512563168e+01 1.885928630225236213e-01
4.271356783919598143e+01 1.866342906343452790e-01
4.522613065326633830e+01 1.846234909155067272e-01
4.773869346733668806e+01 1.830333684836261687e-01
5.025125628140703782e+01 1.814402814315907442e-01
5.276381909547739468e+01 1.799927322696928955e-01
5.527638190954774444e+01 1.786223088146717264e-01
5.778894472361809420e+01 1.773618089121062058e-01
6.030150753768845107e+01 1.763167681605284087e-01
6.281407035175880083e+01 1.752347588330440964e-01
6.532663316582915058e+01 1.743099274913549324e-01
6.783919597989950034e+01 1.733753385261244395e-01
7.035175879396985010e+01 1.725427917044966286e-01
7.286432160804021407e+01 1.717506991794088278e-01
7.537688442211056383e+01 1.711245929287424639e-01
7.788944723618091359e+01 1.704343053154154797e-01
8.040201005025126335e+01 1.698747098028892955e-01
8.291457286432161311e+01 1.694010909149162025e-01
8.542713567839196287e+01 1.688168077001969691e-01
8.793969849246231263e+01 1.683586693456033401e-01
9.045226130653267660e+01 1.679182073396880692e-01
9.296482412060302636e+01 1.675058692932168691e-01
9.547738693467337612e+01 1.670569950392335468e-01
9.798994974874372588e+01 1.667528098541012638e-01
1.005025125628140756e+02 1.664251252076665299e-01
1.030150753768844254e+02 1.659967153149670138e-01
1.055276381909547894e+02 1.656666237835330846e-01
1.080402010050251391e+02 1.655128193494276312e-01
1.105527638190954889e+02 1.652080621130139204e-01
1.130653266331658386e+02 1.649397174911248487e-01
1.155778894472361884e+02 1.646070055438855206e-01
1.180904522613065382e+02 1.644644069349277815e-01
1.206030150753769021e+02 1.642372256421215093e-01
1.231155778894472519e+02 1.640162403041707240e-01
1.256281407035176017e+02 1.638198556153619978e-01
1.281407035175879514e+02 1.636610993514210910e-01
1.306532663316583012e+02 1.634779246202284764e-01
1.331658291457286509e+02 1.632569354974261477e-01
1.356783919597990007e+02 1.631124961557387232e-01
1.381909547738693504e+02 1.629513231577589261e-01
1.407035175879397002e+02 1.628018869253235745e-01
1.432160804020100500e+02 1.625884591972708848e-01
1.457286432160804281e+02 1.625138481932034418e-01
1.482412060301507779e+02 1.623654428515729775e-01
1.507537688442211277e+02 1.622566226231398900e-01
1.532663316582914774e+02 1.621384656613033548e-01
1.557788944723618272e+02 1.620218228372412861e-01
1.582914572864321769e+02 1.618645701276936466e-01
1.608040201005025267e+02 1.617210297738263525e-01
1.633165829145728765e+02 1.617034657730765101e-01
1.658291457286432262e+02 1.615896388735690303e-01
1.683417085427135760e+02 1.614930595091931265e-01
1.708542713567839257e+02 1.613960709910117475e-01
1.733668341708542755e+02 1.612980915099778700e-01
1.758793969849246253e+02 1.612231498497229409e-01
1.783919597989950034e+02 1.611199904775414971e-01
1.809045226130653532e+02 1.610440139068065324e-01
1.834170854271357030e+02 1.609502223026953172e-01
1.859296482412060527e+02 1.608498783752385919e-01
1.884422110552764025e+02 1.608216090632025863e-01
1.909547738693467522e+02 1.607354728014837864e-01
1.934673366834171020e+02 1.606592833907258544e-01
1.959798994974874518e+02 1.605629656476395828e-01
1.984924623115578015e+02 1.605555238533674378e-01
2.010050251256281513e+02 1.604722499439656946e-01
2.035175879396985010e+02 1.604262932881199977e-01
2.060301507537688508e+02 1.603304741925556109e-01
2.085427135678392006e+02 1.602703800716460125e-01
2.110552763819095787e+02 1.602190022311482387e-01
2.135678391959799285e+02 1.601606550883450109e-01
2.160804020100502782e+02 1.600968947282326027e-01
2.185929648241206280e+02 1.600616855290475093e-01
2.211055276381909778e+02 1.600005348852523157e-01
2.236180904522613275e+02 1.600061057650556118e-01
2.261306532663316773e+02 1.599198008134335158e-01
2.286432160804020270e+02 1.598773203538017829e-01
2.311557788944723768e+02 1.598458032629373748e-01
2.336683417085427266e+02 1.598060798811394290e-01
2.361809045226130763e+02 1.597456192745896897e-01
2.386934673366834261e+02 1.597182489501910718e-01
2.412060301507538043e+02 1.596106086674741187e-01
2.437185929648241540e+02 1.596359848162384742e-01
2.462311557788945038e+02 1.596452695227187912e-01
2.487437185929648535e+02 1.595218762499921172e-01
2.512562814070352033e+02 1.595136845251016455e-01
2.537688442211055531e+02 1.594908601501763001e-01
2.562814070351759028e+02 1.594375469755129060e-01
2.587939698492462526e+02 1.594343261382938082e-01
2.613065326633166023e+02 1.593913783968603226e-01
2.638190954773869521e+02 1.593220427993120580e-01
2.663316582914573019e+02 1.593116658435188016e-01
2.688442211055276516e+02 1.592837317059302427e-01
2.713567839195980014e+02 1.592692360103730442e-01
2.738693467336683511e+02 1.592405625644481848e-01
2.763819095477387009e+02 1.592273881446618078e-01
2.788944723618090507e+02 1.591755329198750735e-01
2.814070351758794004e+02 1.591592415956138151e-01
2.839195979899497502e+02 1.591315333025150602e-01
2.864321608040200999e+02 1.590823803491932531e-01
2.889447236180904497e+02 1.590795923301345782e-01
2.914572864321608563e+02 1.591038564306140046e-01
2.939698492462312061e+02 1.589911609995081909e-01
2.964824120603015558e+02 1.590170775807060455e-01
2.989949748743719056e+02 1.589673630946913108e-01
3.015075376884422553e+02 1.589845020010645649e-01
3.040201005025126051e+02 1.588718674044216350e-01
3.065326633165829548e+02 1.589604624200676719e-01
3.090452261306533046e+02 1.588786221291628165e-01
3.115577889447236544e+02 1.588956768998659452e-01
3.140703517587940041e+02 1.588540503287983185e-01
3.165829145728643539e+02 1.589055709913901326e-01
3.190954773869347036e+02 1.588367436720077575e-01
3.216080402010050534e+02 1.587810151993590546e-01
3.241206030150754032e+02 1.587850601386486260e-01
3.266331658291457529e+02 1.587855873232159876e-01
3.291457286432161027e+02 1.587896374094996677e-01
3.316582914572864524e+02 1.587363295707274746e-01
3.341708542713568022e+02 1.587125967458599130e-01
3.366834170854271520e+02 1.587147590140743081e-01
3.391959798994975017e+02 1.586773167377287796e-01
3.417085427135678515e+02 1.586615869438491311e-01
3.442211055276382012e+02 1.586249715110188974e-01
3.467336683417085510e+02 1.587149976958583675e-01
3.492462311557789008e+02 1.587108792100973831e-01
3.517587939698492505e+02 1.586097745473412091e-01
3.542713567839196571e+02 1.586243313518631015e-01
3.567839195979900069e+02 1.586309497953377612e-01
3.592964824120603566e+02 1.586258149406922502e-01
3.618090452261307064e+02 1.585912940714259700e-01
3.643216080402010562e+02 1.586155254379205681e-01
3.668341708542714059e+02 1.585892359638634841e-01
3.693467336683417557e+02 1.585833792387736363e-01
3.718592964824121054e+02 1.585435847432142831e-01
3.743718592964824552e+02 1.585483279819563107e-01
3.768844221105528050e+02 1.585613833619508861e-01
3.793969849246231547e+02 1.585272060744609135e-01
3.819095477386935045e+02 1.584964870897603573e-01
3.844221105527638542e+02 1.585328454154105171e-01
3.869346733668342040e+02 1.584934624206629228e-01
3.894472361809045537e+02 1.585278728927695668e-01
3.919597989949749035e+02 1.584620085494502506e-01
3.944723618090452533e+02 1.584766375977427200e-01
3.969849246231156030e+02 1.584632561717507493e-01
3.994974874371859528e+02 1.584674174069257424e-01
4.020100502512563025e+02 1.584469948769484104e-01
4.045226130653266523e+02 1.585039902011484980e-01
4.070351758793970021e+02 1.584493087207182183e-01
4.095477386934673518e+02 1.584854851582253032e-01
4.120603015075377016e+02 1.584415210271714336e-01
4.145728643216080513e+02 1.584084706192429859e-01
4.170854271356784011e+02 1.584266658482020862e-01
4.195979899497488077e+02 1.583749437689498107e-01
4.221105527638191575e+02 1.584493542716119141e-01
4.246231155778895072e+02 1.584067673774849916e-01
4.271356783919598570e+02 1.584196845577265089e-01
4.296482412060302067e+02 1.583986613016700740e-01
4.321608040201005565e+02 1.584077860426470752e-01
4.346733668341709063e+02 1.583670022832317781e-01
4.371859296482412560e+02 1.583877986740827859e-01
4.396984924623116058e+02 1.583935466694364469e-01
4.422110552763819555e+02 1.583747272920881799e-01
4.447236180904523053e+02 1.584189218676194111e-01
4.472361809045226551e+02 1.583453182117514901e-01
4.497487437185930048e+02 1.583721156762905868e-01
4.522613065326633546e+02 1.584070818061044106e-01
4.547738693467337043e+02 1.583395825994060035e-01
4.572864321608040541e+02 1.583436000410548272e-01
4.597989949748744039e+02 1.583607560551355820e-01
4.623115577889447536e+02 1.583353356828750835e-01
4.648241206030151034e+02 1.583417334546371180e-01
4.673366834170854531e+02 1.583010819445493655e-01
4.698492462311558029e+02 1.583635526826347728e-01
4.723618090452261526e+02 1.583870761175596720e-01
4.748743718592965024e+02 1.583297545584446686e-01
4.773869346733668522e+02 1.583825915588931432e-01
4.798994974874372019e+02 1.583243915145759184e-01
4.824120603015076085e+02 1.583230986788280448e-01
4.849246231155779583e+02 1.582946758270848686e-01
4.874371859296483080e+02 1.582945632184468432e-01
4.899497487437186578e+02 1.582989419217021576e-01
4.924623115577890076e+02 1.582986350088177729e-01
4.949748743718593573e+02 1.582670698717829061e-01
4.974874371859297071e+02 1.583051521339216283e-01
5.000000000000000000e+02 1.584114069478338438e-01
