# r_nm potential_V
0.000000000000000000e+00 1.938384653832424809e-01
1.002004008016031955e+00 1.939629348463111080e-01
2.004008016032063910e+00 1.936539352724127583e-01
3.006012024048096087e+00 1.934630501489851828e-01
4.008016032064127820e+00 1.933311526011967929e-01
5.010020040080159553e+00 1.932348378382067189e-01
6.012024048096192175e+00 1.923544374273766233e-01
7.014028056112223908e+00 1.923954574536966278e-01
8.016032064128255641e+00 1.919921348320408339e-01
9.018036072144287374e+00 1.916718232995312521e-01
1.002004008016031911e+01 1.910850473573139086e-01
1.102204408817635084e+01 1.904934110492317589e-01
1.202404809619238435e+01 1.898980360285857094e-01
1.302605210420841608e+01 1.893670457805642360e-01
1.402805611222444782e+01 1.888410636453363156e-01
1.503006012024047955e+01 1.883054279581565515e-01
1.603206412825651128e+01 1.877592715535261469e-01
1.703406813627254479e+01 1.871966404804347450e-01
1.803607214428857475e+01 1.866212423529025888e-01
1.903807615230460826e+01 1.860279153199689839e-01
2.004008016032063821e+01 1.853678162110302952e-01
2.104208416833667172e+01 1.846909565099349171e-01
2.204408817635270168e+01 1.840153480851361989e-01
2.304609218436873519e+01 1.833731663164258896e-01
2.404809619238476870e+01 1.826722629344759152e-01
2.505010020040079866e+01 1.817484063217299495e-01
2.605210420841683217e+01 1.813945688163514647e-01
2.705410821643286212e+01 1.807703278087686716e-01
2.805611222444889563e+01 1.800731398896403268e-01
2.905811623246492559e+01 1.794216192318743297e-01
3.006012024048095910e+01 1.788730882853875881e-01
3.106212424849698905e+01 1.781230765750146661e-01
3.206412825651302256e+01 1.777978140427075304e-01
3.306613226452905252e+01 1.771352065382819363e-01
3.406813627254508958e+01 1.763569750113649914e-01
3.507014028056111954e+01 1.759588384549985729e-01
3.607214428857714950e+01 1.754354728259929219e-01
3.707414829659317945e+01 1.750709964474282399e-01
3.807615230460921651e+01 1.745065159122241860e-01
3.907815631262524647e+01 1.738454899460641356e-01
4.008016032064127643e+01 1.733778768312131124e-01
4.108216432865731349e+01 1.729135547396739858e-01
4.208416833667334345e+01 1.725126258791341849e-01
4.308617234468937340e+01 1.721404263146122104e-01
4.408817635270540336e+01 1.717273567906501541e-01
4.509018036072144042e+01 1.713170632666654036e-01
4.609218436873747038e+01 1.709264944879994585e-01
4.709418837675350034e+01 1.705397389190800861e-01
4.809619238476953740e+01 1.701640438880728246e-01
4.909819639278556735e+01 1.698099856777018357e-01
5.010020040080159731e+01 1.694761179058202893e-01
5.110220440881762727e+01 1.691716556473429056e-01
5.210420841683366433e+01 1.688523983076148094e-01
5.310621242484969429e+01 1.685657356545898211e-01
5.410821643286572424e+01 1.682738442499661924e-01
5.511022044088175420e+01 1.679232279298132346e-01
5.611222444889779126e+01 1.676652478108827116e-01
5.711422845691382122e+01 1.674457553533549303e-01
5.811623246492985118e+01 1.671779179384769998e-01
5.911823647294588824e+01 1.669250997443632034e-01
6.012024048096191819e+01 1.666868394041071122e-01
6.112224448897794815e+01 1.664555645415399798e-01
6.212424849699397811e+01 1.661800907955878759e-01
6.312625250501001517e+01 1.659082942580837050e-01
6.412825651302604513e+01 1.657167636477105410e-01
6.513026052104207508e+01 1.655502653087627951e-01
6.613226452905810504e+01 1.653582193569238801e-01
6.713426853707413500e+01 1.651884490075745393e-01
6.813627254509017916e+01 1.649836878730912837e-01
6.913827655310620912e+01 1.648055745248636628e-01
7.014028056112223908e+01 1.646553697310508546e-01
7.114228456913826903e+01 1.645168948079633042e-01
7.214428857715429899e+01 1.643756433849352661e-01
7.314629258517032895e+01 1.642407253848106874e-01
7.414829659318635890e+01 1.641003587078012638e-01
7.515030060120240307e+01 1.639380749048821029e-01
7.615230460921843303e+01 1.637959080874681617e-01
7.715430861723446299e+01 1.637478016416179238e-01
7.815631262525049294e+01 1.636021083945395915e-01
7.915831663326652290e+01 1.634148554095702643e-01
8.016032064128255286e+01 1.632782122382722412e-01
8.116232464929858281e+01 1.631704555985747651e-01
8.216432865731462698e+01 1.630486256504119214e-01
8.316633266533065694e+01 1.629607515601608214e-01
8.416833667334668689e+01 1.629133708461429353e-01
8.517034068136271685e+01 1.625646325390314728e-01
8.617234468937874681e+01 1.625871877303794177e-01
8.717434869739477676e+01 1.626153295260197862e-01
8.817635270541080672e+01 1.624837161925568318e-01
8.917835671342685089e+01 1.622901178805127298e-01
9.018036072144288084e+01 1.621716548336435693e-01
9.118236472945891080e+01 1.621212603351934456e-01
9.218436873747494076e+01 1.620744499324311139e-01
9.318637274549097071e+01 1.619878511460528248e-01
9.418837675350700067e+01 1.618223511966644934e-01
9.519038076152303063e+01 1.617955596225482129e-01
9.619238476953907480e+01 1.617011402210810633e-01
9.719438877755510475e+01 1.616016665878370617e-01
9.819639278557113471e+01 1.616580525844862060e-01
9.919839679358716467e+01 1.616507323630361481e-01
1.002004008016031946e+02 1.615143521817267724e-01
1.012024048096192246e+02 1.614130828760072522e-01
1.022044088176352545e+02 1.613419787219405599e-01
1.032064128256512845e+02 1.612842289247808647e-01
1.042084168336673287e+02 1.612366362369358208e-01
1.052104208416833586e+02 1.610742673883970577e-01
1.062124248496993886e+02 1.610419007537555458e-01
1.072144288577154185e+02 1.610589362831385540e-01
1.082164328657314485e+02 1.610010687044829691e-01
1.092184368737474784e+02 1.609399097887246610e-01
1.102204408817635084e+02 1.608706536517339469e-01
1.112224448897795526e+02 1.608072648937810822e-01
1.122244488977955825e+02 1.607521130684847199e-01
1.132264529058116125e+02 1.606940840987274577e-01
1.142284569138276424e+02 1.606304289921637873e-01
1.152304609218436724e+02 1.605684751492905682e-01
1.162324649298597024e+02 1.605241536171397865e-01
1.172344689378757323e+02 1.604625191348638680e-01
1.182364729458917765e+02 1.604128934540846319e-01
1.192384769539078064e+02 1.603536368962074909e-01
1.202404809619238364e+02 1.603079891804550239e-01
1.212424849699398663e+02 1.602947811612351059e-01
1.222444889779558963e+02 1.602777660396457748e-01
1.232464929859719263e+02 1.602580887743074445e-01
1.242484969939879562e+02 1.602248590925692551e-01
1.252505010020040004e+02 1.601354229149457575e-01
1.262525050100200303e+02 1.600264852050654885e-01
1.272545090180360603e+02 1.601603134442033949e-01
1.282565130260520903e+02 1.600703880156361392e-01
1.292585170340681202e+02 1.600076614446476198e-01
1.302605210420841502e+02 1.599970281304163300e-01
1.312625250501001801e+02 1.599402575267366566e-01
1.322645290581162101e+02 1.598906103775885879e-01
1.332665330661322400e+02 1.598391700405353000e-01
1.342685370741482700e+02 1.597979968959230279e-01
1.352705410821643000e+02 1.597684943183486361e-01
1.362725450901803583e+02 1.597719035842718460e-01
1.372745490981963883e+02 1.597643052920231233e-01
1.382765531062124182e+02 1.597318122373720117e-01
1.392785571142284482e+02 1.596848820596790952e-01
1.402805611222444782e+02 1.596770155165747607e-01
1.412825651302605081e+02 1.596399994231511854e-01
1.422845691382765381e+02 1.595741498531161595e-01
1.432865731462925680e+02 1.595331396628283105e-01
1.442885771543085980e+02 1.594953767379066745e-01
1.452905811623246279e+02 1.594710049528250406e-01
1.462925851703406579e+02 1.594403163928565792e-01
1.472945891783566879e+02 1.594081223746542653e-01
1.482965931863727178e+02 1.593882665920526576e-01
1.492985971943887478e+02 1.593673384965127171e-01
1.503006012024048061e+02 1.593510069904761906e-01
1.513026052104208361e+02 1.593483116568489566e-01
1.523046092184368661e+02 1.593321752720438522e-01
1.533066132264528960e+02 1.593206206672630465e-01
1.543086172344689260e+02 1.592989492069411539e-01
1.553106212424849559e+02 1.592963272136451724e-01
1.563126252505009859e+02 1.592249769708699303e-01
1.573146292585170158e+02 1.592133120034472105e-01
1.583166332665330458e+02 1.592340344042104117e-01
1.593186372745490758e+02 1.591984448219659343e-01
1.603206412825651057e+02 1.591710192099894394e-01
1.613226452905811357e+02 1.591385882981162514e-01
1.623246492985971656e+02 1.591118296418466138e-01
1.633266533066131956e+02 1.590902369767023539e-01
1.643286573146292540e+02 1.590611165280654826e-01
1.653306613226452839e+02 1.590058386417268488e-01
1.663326653306613139e+02 1.589689815834611220e-01
1.673346693386773438e+02 1.589919256903469247e-01
1.683366733466933738e+02 1.589935705138095234e-01
1.693386773547094037e+02 1.589544893655805702e-01
1.703406813627254337e+02 1.589117206173329688e-01
1.713426853707414637e+02 1.588725972400010233e-01
1.723446893787574936e+02 1.588326952289390581e-01
1.733466933867735236e+02 1.588183791114134158e-01
1.743486973947895535e+02 1.588302063514325235e-01
1.753507014028055835e+02 1.588439016059338404e-01
1.763527054108216134e+02 1.588379361173749005e-01
1.773547094188376434e+02 1.588195916311672395e-01
1.783567134268537018e+02 1.588068020467049424e-01
1.793587174348697317e+02 1.587894287423510797e-01
1.803607214428857617e+02 1.587716560603562588e-01
1.813627254509017916e+02 1.587584159229893654e-01
1.823647294589178216e+02 1.587269220300839834e-01
1.833667334669338516e+02 1.587880447378501036e-01
1.843687374749498815e+02 1.587513095143414099e-01
1.853707414829659115e+02 1.586546452942004803e-01
1.863727454909819414e+02 1.586984115256290795e-01
1.873747494989979714e+02 1.586070848743638684e-01
1.883767535070140013e+02 1.586905970477079930e-01
1.893787575150300313e+02 1.586584399358394459e-01
1.903807615230460613e+02 1.586664894243188517e-01
1.913827655310620912e+02 1.586253178058510682e-01
1.923847695390781496e+02 1.585882909550388464e-01
1.933867735470941795e+02 1.585526482537692183e-01
1.943887775551102095e+02 1.585239662014333584e-01
1.953907815631262395e+02 1.585236010522398098e-01
1.963927855711422694e+02 1.584492790273824281e-01
1.973947895791582994e+02 1.584541411586456727e-01
1.983967935871743293e+02 1.585069023323254223e-01
1.993987975951903593e+02 1.584644929553381265e-01
2.004008016032063892e+02 1.584496784713774475e-01
2.014028056112224192e+02 1.584541096098897595e-01
2.024048096192384492e+02 1.584473895008145505e-01
2.034068136272544791e+02 1.584490469078720931e-01
2.044088176352705091e+02 1.584387787108111068e-01
2.054108216432865390e+02 1.583538026571540136e-01
2.064128256513025690e+02 1.583400190136567964e-01
2.074148296593186274e+02 1.583768860148807578e-01
2.084168336673346573e+02 1.583623784450871319e-01
2.094188376753506873e+02 1.583556007847746194e-01
2.104208416833667172e+02 1.583529918246742441e-01
2.114228456913827472e+02 1.583347239958236008e-01
2.124248496993987771e+02 1.583258525245328785e-01
2.134268537074148071e+02 1.583189807732094112e-01
2.144288577154308371e+02 1.583229597115139720e-01
2.154308617234468670e+02 1.582951385030482716e-01
2.164328657314628970e+02 1.583020336779332182e-01
2.174348697394789269e+02 1.583022163393955628e-01
2.184368737474949569e+02 1.582915963153042893e-01
2.194388777555109868e+02 1.582828725579254192e-01
2.204408817635270168e+02 1.582592223167035017e-01
2.214428857715430752e+02 1.582316437621305860e-01
2.224448897795591051e+02 1.582043593042700702e-01
2.234468937875751351e+02 1.581713853310770801e-01
2.244488977955911650e+02 1.580460779966541274e-01
2.254509018036071950e+02 1.580813879939000910e-01
2.264529058116232250e+02 1.582815211796018973e-01
2.274549098196392549e+02 1.582299486573007508e-01
2.284569138276552849e+02 1.582013520565907216e-01
2.294589178356713148e+02 1.581910036438664013e-01
2.304609218436873448e+02 1.581886704258864129e-01
2.314629258517033747e+02 1.581896145710600388e-01
2.324649298597194047e+02 1.581833479937514442e-01
2.334669338677354347e+02 1.581748887738559928e-01
2.344689378757514646e+02 1.581738443076892708e-01
2.354709418837675230e+02 1.581602059910637847e-01
2.364729458917835530e+02 1.581500040763691994e-01
2.374749498997995829e+02 1.581491913560566509e-01
2.384769539078156129e+02 1.581355928445640768e-01
2.394789579158316428e+02 1.581211882504480748e-01
2.404809619238476728e+02 1.581130388378049201e-01
2.414829659318637027e+02 1.580969041921091167e-01
2.424849699398797327e+02 1.580831424242723215e-01
2.434869739478957626e+02 1.580408355665825770e-01
2.444889779559117926e+02 1.579805747352478751e-01
2.454909819639278226e+02 1.580577874197033050e-01
2.464929859719438525e+02 1.580315651502846308e-01
2.474949899799598825e+02 1.580200833771685520e-01
2.484969939879759124e+02 1.579945387214044261e-01
2.494989979959919708e+02 1.579650594522845064e-01
2.505010020040080008e+02 1.578651051383235526e-01
2.515030060120240307e+02 1.578426566776378881e-01
2.525050100200400607e+02 1.578956734674692719e-01
2.535070140280560906e+02 1.579443687782952910e-01
2.545090180360721206e+02 1.579406194162244759e-01
2.555110220440881506e+02 1.579210841211971805e-01
2.565130260521041805e+02 1.579186028397305541e-01
2.575150300601202389e+02 1.579058312249163321e-01
2.585170340681362404e+02 1.578913098282293814e-01
2.595190380761522988e+02 1.578841478741509763e-01
2.605210420841683003e+02 1.578835818197276142e-01
2.615230460921843587e+02 1.578988681016597062e-01
2.625250501002003602e+02 1.579168361973428691e-01
2.635270541082164186e+02 1.579125844270781731e-01
2.645290581162324202e+02 1.578884569988318332e-01
2.655310621242484785e+02 1.578683092757127704e-01
2.665330661322644801e+02 1.578630114085570746e-01
2.675350701402805385e+02 1.578615354021695727e-01
2.685370741482965400e+02 1.578573836840790889e-01
2.695390781563125984e+02 1.578509687630805514e-01
2.705410821643285999e+02 1.578393213566143816e-01
2.715430861723446583e+02 1.578346722707489047e-01
2.725450901803607167e+02 1.578409067226737572e-01
2.735470941883767182e+02 1.578458082611745861e-01
2.745490981963927766e+02 1.578423623195522596e-01
2.755511022044087781e+02 1.577532489566187135e-01
2.765531062124248365e+02 1.576418961436931165e-01
2.775551102204408380e+02 1.578268748811860467e-01
2.785571142284568964e+02 1.578299826169501374e-01
2.795591182364728979e+02 1.578159675622040903e-01
2.805611222444889563e+02 1.578185540978467860e-01
2.815631262525049578e+02 1.577962764026618059e-01
2.825651302605210162e+02 1.578244892037886649e-01
2.835671342685370178e+02 1.577161287528009992e-01
2.845691382765530761e+02 1.578325633056825439e-01
2.855711422845691345e+02 1.578541999441704091e-01
2.865731462925851361e+02 1.577017301802201565e-01
2.875751503006011944e+02 1.578236333531948810e-01
2.885771543086171960e+02 1.578421973046306714e-01
2.895791583166332543e+02 1.576790227354014917e-01
2.905811623246492559e+02 1.578025338711986914e-01
2.915831663326653143e+02 1.577858988536993412e-01
2.925851703406813158e+02 1.578107858057432311e-01
2.935871743486973742e+02 1.577684337855397023e-01
2.945891783567133757e+02 1.577517444955217341e-01
2.955911823647294341e+02 1.577632142853736263e-01
2.965931863727454356e+02 1.577449544772110412e-01
2.975951903807614940e+02 1.577917944412766116e-01
2.985971943887774955e+02 1.576591954442407018e-01
2.995991983967935539e+02 1.577512428891708340e-01
3.006012024048096123e+02 1.577184349900815352e-01
3.016032064128256138e+02 1.576369901778959526e-01
3.026052104208416722e+02 1.575985440607629851e-01
3.036072144288576737e+02 1.576142635863739816e-01
3.046092184368737321e+02 1.576701719243927546e-01
3.056112224448897337e+02 1.576823703046406622e-01
3.066132264529057920e+02 1.577057945313713738e-01
3.076152304609217936e+02 1.576734043441665178e-01
3.086172344689378519e+02 1.576431243399751825e-01
3.096192384769538535e+02 1.576523649629255064e-01
3.106212424849699119e+02 1.576330796248114341e-01
3.116232464929859134e+02 1.576347558135806071e-01
3.126252505010019718e+02 1.576345343009077082e-01
3.136272545090180301e+02 1.576332366822007502e-01
3.146292585170340317e+02 1.576365211921270659e-01
3.156312625250500901e+02 1.576374756725686666e-01
3.166332665330660916e+02 1.576367721928190468e-01
3.176352705410821500e+02 1.576364768989204634e-01
3.186372745490981515e+02 1.576398722909007344e-01
3.196392785571142099e+02 1.576414794181117685e-01
3.206412825651302114e+02 1.576400149218294966e-01
3.216432865731462698e+02 1.576369917000703669e-01
3.226452905811622713e+02 1.576495661037307372e-01
3.236472945891783297e+02 1.576490651521338660e-01
3.246492985971943313e+02 1.576368335064787518e-01
3.256513026052103896e+02 1.575745436122835685e-01
3.266533066132263912e+02 1.575636416998752454e-01
3.276553106212424495e+02 1.575911231994730488e-01
3.286573146292585079e+02 1.575871786078953396e-01
3.296593186372745095e+02 1.575737180507154334e-01
3.306613226452905678e+02 1.575677546451962063e-01
3.316633266533065694e+02 1.575690153887638612e-01
3.326653306613226277e+02 1.575607169189679746e-01
3.336673346693386293e+02 1.575527653366591285e-01
3.346693386773546877e+02 1.575495066021427026e-01
3.356713426853706892e+02 1.575524411237892997e-01
3.366733466933867476e+02 1.575580753888578822e-01
3.376753507014027491e+02 1.575627685047449045e-01
3.386773547094188075e+02 1.575674264986730300e-01
3.396793587174348090e+02 1.575666842614346919e-01
3.406813627254508674e+02 1.575693416819378967e-01
3.416833667334668689e+02 1.575725358410971222e-01
3.426853707414829273e+02 1.575743364566752902e-01
3.436873747494989857e+02 1.575704557405627759e-01
3.446893787575149872e+02 1.575653942252948914e-01
3.456913827655310456e+02 1.575788244130283677e-01
3.466933867735470471e+02 1.575794519265106830e-01
3.476953907815631055e+02 1.575783138950333784e-01
3.486973947895791071e+02 1.575795695637938199e-01
3.496993987975951654e+02 1.575898197790124022e-01
3.507014028056111670e+02 1.575908383301589388e-01
3.517034068136272253e+02 1.575864700176430322e-01
3.527054108216432269e+02 1.575701538414411018e-01
3.537074148296592853e+02 1.575174363009799738e-01
3.547094188376752868e+02 1.574534425563703099e-01
3.557114228456913452e+02 1.574942126577226764e-01
3.567134268537074036e+02 1.572920717387821243e-01
3.577154308617234051e+02 1.574084828494544119e-01
3.587174348697394635e+02 1.575273598001571684e-01
3.597194388777554650e+02 1.574993829444844562e-01
3.607214428857715234e+02 1.574395615515475910e-01
3.617234468937875249e+02 1.574822593824367623e-01
3.627254509018035833e+02 1.576018288475669327e-01
3.637274549098195848e+02 1.575948399902060149e-01
3.647294589178356432e+02 1.574999614010265114e-01
3.657314629258516447e+02 1.574824499009575274e-01
3.667334669338677031e+02 1.574939032936481242e-01
3.677354709418837047e+02 1.575003951571201100e-01
3.687374749498997630e+02 1.575111904333283686e-01
3.697394789579157646e+02 1.575058413276829439e-01
3.707414829659318229e+02 1.575076165333500755e-01
3.717434869739478813e+02 1.575182598268600187e-01
3.727454909819638829e+02 1.575215992955701638e-01
3.737474949899799412e+02 1.575171903160673681e-01
3.747494989979959428e+02 1.575127957904542131e-01
3.757515030060120012e+02 1.575290720222138618e-01
3.767535070140280027e+02 1.575269444912262562e-01
3.777555110220440611e+02 1.574927671048668154e-01
3.787575150300600626e+02 1.574509181760093135e-01
3.797595190380761210e+02 1.574389815166298834e-01
3.807615230460921225e+02 1.574130368132841684e-01
3.817635270541081809e+02 1.573533204645228556e-01
3.827655310621241824e+02 1.572838220260832920e-01
3.837675350701402408e+02 1.573956482361112685e-01
3.847695390781562992e+02 1.575377919822539552e-01
3.857715430861723007e+02 1.575238302261333379e-01
3.867735470941883591e+02 1.575273811709208827e-01
3.877755511022043606e+02 1.575521843953703871e-01
3.887775551102204190e+02 1.574573555421761306e-01
3.897795591182364205e+02 1.573832865783366397e-01
3.907815631262524789e+02 1.574065162619901759e-01
3.917835671342684805e+02 1.574064205748716694e-01
3.927855711422845388e+02 1.574045621112914184e-01
3.937875751503005404e+02 1.574217146685473467e-01
3.947895791583165988e+02 1.574339274780928444e-01
3.957915831663326003e+02 1.574437689191336975e-01
3.967935871743486587e+02 1.574449492111789917e-01
3.977955911823646602e+02 1.574447379425276683e-01
3.987975951903807186e+02 1.574565960391440811e-01
3.997995991983967770e+02 1.574544755352047520e-01
4.008016032064127785e+02 1.574568432334171320e-01
4.018036072144288369e+02 1.574719084045600737e-01
4.028056112224448384e+02 1.574726219767555446e-01
4.038076152304608968e+02 1.574226926664945292e-01
4.048096192384768983e+02 1.574317259569548988e-01
4.058116232464929567e+02 1.573904103356653095e-01
4.068136272545089582e+02 1.573137332603396499e-01
4.078156312625250166e+02 1.573035529235344565e-01
4.088176352705410181e+02 1.573279543074634634e-01
4.098196392785570765e+02 1.573497727086439757e-01
4.108216432865730781e+02 1.573737927298820283e-01
4.118236472945891364e+02 1.573817750909009272e-01
4.128256513026051380e+02 1.573833514108403664e-01
4.138276553106211963e+02 1.573942452046611096e-01
4.148296593186372547e+02 1.574093155104543396e-01
4.158316633266532563e+02 1.574110708821323534e-01
4.168336673346693146e+02 1.574177388272474110e-01
4.178356713426853162e+02 1.574166817967696808e-01
4.188376753507013746e+02 1.574204443862808334e-01
4.198396793587173761e+02 1.574361857511741569e-01
4.208416833667334345e+02 1.574520654798430841e-01
4.218436873747494360e+02 1.573035682526892631e-01
4.228456913827654944e+02 1.574772653299277292e-01
4.238476953907814959e+02 1.574115872290881291e-01
4.248496993987975543e+02 1.573912437447045620e-01
4.258517034068135558e+02 1.573455211949055244e-01
4.268537074148296142e+02 1.574063977908571332e-01
4.278557114228456726e+02 1.574302515478670506e-01
4.288577154308616741e+02 1.573889227618694431e-01
4.298597194388777325e+02 1.574222094016646256e-01
4.308617234468937340e+02 1.573710845411907255e-01
4.318637274549097924e+02 1.573123825415104204e-01
4.328657314629257939e+02 1.573274872466893515e-01
4.338677354709418523e+02 1.573442256022660746e-01
4.348697394789578539e+02 1.573495052202070754e-01
4.358717434869739122e+02 1.573571351902352811e-01
4.368737474949899138e+02 1.573741758271290925e-01
4.378757515030059722e+02 1.573829437961332400e-01
4.388777555110219737e+02 1.573895561026537604e-01
4.398797595190380321e+02 1.573751240695819009e-01
4.408817635270540336e+02 1.573207210292659475e-01
4.418837675350700920e+02 1.573818907507667508e-01
4.428857715430861504e+02 1.573763249406557596e-01
4.438877755511021519e+02 1.573828265366312706e-01
4.448897795591182103e+02 1.573895213898445500e-01
4.458917835671342118e+02 1.574006032695120239e-01
4.468937875751502702e+02 1.573899356130942784e-01
4.478957915831662717e+02 1.573370654308813565e-01
4.488977955911823301e+02 1.573021025450225263e-01
4.498997995991983316e+02 1.573307965280359710e-01
4.509018036072143900e+02 1.573462617863735924e-01
4.519038076152303915e+02 1.573529565564187604e-01
4.529058116232464499e+02 1.573539902339566032e-01
4.539078156312624515e+02 1.573564591173757521e-01
4.549098196392785098e+02 1.573614231373546002e-01
4.559118236472945114e+02 1.573611171891738103e-01
4.569138276553105698e+02 1.573401535821067065e-01
4.579158316633266281e+02 1.573022932757610348e-01
4.589178356713426297e+02 1.572747997926628727e-01
4.599198396793586880e+02 1.572694911473702384e-01
4.609218436873746896e+02 1.572706405580814593e-01
4.619238476953907480e+02 1.572460171248477590e-01
4.629258517034067495e+02 1.572459761108761511e-01
4.639278557114228079e+02 1.572745142515705741e-01
4.649298597194388094e+02 1.573016922988907385e-01
4.659318637274548678e+02 1.573053025598995514e-01
4.669338677354708693e+02 1.573081953552541989e-01
4.679358717434869277e+02 1.573278043471842136e-01
4.689378757515029292e+02 1.573280596117792307e-01
4.699398797595189876e+02 1.572744970322960123e-01
4.709418837675350460e+02 1.572827966086141060e-01
4.719438877755510475e+02 1.573304216865462624e-01
4.729458917835671059e+02 1.572990625256574515e-01
4.739478957915831074e+02 1.572890503501758741e-01
4.749498997995991658e+02 1.572994815211019859e-01
4.759519038076151674e+02 1.572950228923909732e-01
4.769539078156312257e+02 1.572810192353489567e-01
4.779559118236472273e+02 1.572773924392055767e-01
4.789579158316632856e+02 1.572746302427353859e-01
4.799599198396792872e+02 1.572725749424637998e-01
4.809619238476953456e+02 1.572643573692781571e-01
4.819639278557113471e+02 1.572524911234557676e-01
4.829659318637274055e+02 1.572160441051997093e-01
4.839679358717434070e+02 1.572120662044775574e-01
4.849699398797594654e+02 1.571693703348096827e-01
4.859719438877755238e+02 1.570848672373693911e-01
4.869739478957915253e+02 1.570135848750753294e-01
4.879759519038075837e+02 1.569923318483869845e-01
4.889779559118235852e+02 1.569216239500778043e-01
4.899799599198396436e+02 1.568501925201603309e-01
4.909819639278556451e+02 1.567812858774940421e-01
4.919839679358717035e+02 1.566996313199297830e-01
4.929859719438877050e+02 1.566137389014847781e-01
4.939879759519037634e+02 1.565323417938774830e-01
4.949899799599197650e+02 1.564515153666111158e-01
4.959919839679358233e+02 1.564175885396321963e-01
4.969939879759518249e+02 1.563937628954399917e-01
4.979959919839678832e+02 1.561455581821621641e-01
4.989979959919839416e+02 1.557023694032574623e-01
5.000000000000000000e+02 1.552591806243526773e-01
