# z_nm potential_V
-2.000000000000000000e+02 0.000000000000000000e+00
-1.991983967935871647e+02 1.474085628042453925e-05
-1.983967935871743578e+02 2.948171256084856351e-05
-1.975951903807615224e+02 4.422256884127310784e-05
-1.967935871743486871e+02 5.896342512169765556e-05
-1.959919839679358802e+02 7.370428140212168151e-05
-1.951903807615230448e+02 8.844513768254621568e-05
-1.943887775551102095e+02 1.033728566668036015e-04
-1.935871743486974026e+02 1.183781034148733417e-04
-1.927855711422845673e+02 1.333833501629436374e-04
-1.919839679358717319e+02 1.483885969110138926e-04
-1.911823647294589250e+02 1.633938436590836327e-04
-1.903807615230460897e+02 1.783990904071539149e-04
-1.895791583166332543e+02 1.936320639913516111e-04
-1.887775551102204474e+02 2.091879929338617610e-04
-1.879759519038076121e+02 2.247439218763724259e-04
-1.871743486973947768e+02 2.402998508188831180e-04
-1.863727454909819699e+02 2.558557797613932950e-04
-1.855711422845691345e+02 2.714117087039039328e-04
-1.847695390781562992e+02 2.870683870647061024e-04
-1.839679358717434923e+02 3.034617743733306365e-04
-1.831663326653306569e+02 3.198551616819557126e-04
-1.823647294589178500e+02 3.362485489905802467e-04
-1.815631262525050147e+02 3.526419362992053229e-04
-1.807615230460921794e+02 3.690353236078304532e-04
-1.799599198396793440e+02 3.854287109164555294e-04
-1.791583166332665371e+02 4.027671555932711245e-04
-1.783567134268537018e+02 4.203031975714942845e-04
-1.775551102204408949e+02 4.378392395497168483e-04
-1.767535070140280595e+02 4.553752815279400084e-04
-1.759519038076152242e+02 4.729113235061631684e-04
-1.751503006012023889e+02 4.904473654843863285e-04
-1.743486973947895819e+02 5.087680093861305904e-04
-1.735470941883767466e+02 5.277737846730276615e-04
-1.727454909819639397e+02 5.467795599599240821e-04
-1.719438877755511044e+02 5.657853352468211533e-04
-1.711422845691382690e+02 5.847911105337182244e-04
-1.703406813627254621e+02 6.037968858206145366e-04
-1.695390781563126268e+02 6.232421293919016871e-04
-1.687374749498997915e+02 6.440743985566086283e-04
-1.679358717434869845e+02 6.649066677213147022e-04
-1.671342685370741492e+02 6.857389368860216435e-04
-1.663326653306613139e+02 7.065712060507285848e-04
-1.655310621242484785e+02 7.274034752154353092e-04
-1.647294589178356716e+02 7.482357443801414916e-04
-1.639278557114228363e+02 7.711706718491490725e-04
-1.631262525050100294e+02 7.942223970418950483e-04
-1.623246492985971940e+02 8.172741222346419998e-04
-1.615230460921843587e+02 8.403258474273888430e-04
-1.607214428857715518e+02 8.633775726201349272e-04
-1.599198396793587165e+02 8.864292978128817703e-04
-1.591182364729458811e+02 9.112191298054383212e-04
-1.583166332665330742e+02 9.369279278497242951e-04
-1.575150300601202389e+02 9.626367258940113532e-04
-1.567134268537074036e+02 9.883455239382984113e-04
-1.559118236472945966e+02 1.014054321982584602e-03
-1.551102204408817613e+02 1.039763120026871660e-03
-1.543086172344689260e+02 1.066608124911886096e-03
-1.535070140280561191e+02 1.095465083149186865e-03
-1.527054108216432837e+02 1.124322041386488936e-03
-1.519038076152304484e+02 1.153178999623790790e-03
-1.511022044088176415e+02 1.182035957861091559e-03
-1.503006012024048061e+02 1.210892916098393630e-03
-1.494989979959919992e+02 1.240000521220740613e-03
-1.486973947895791639e+02 1.272560928556702069e-03
-1.478957915831663286e+02 1.305121335892663525e-03
-1.470941883767534932e+02 1.337681743228625198e-03
-1.462925851703406863e+02 1.370242150564585570e-03
-1.454909819639278510e+02 1.402802557900547026e-03
-1.446893787575150441e+02 1.435362965236507398e-03
-1.438877755511022087e+02 1.471280712075999451e-03
-1.430861723446893734e+02 1.508176262361408818e-03
-1.422845691382765381e+02 1.545071812646818185e-03
-1.414829659318637312e+02 1.581967362932226034e-03
-1.406813627254508958e+02 1.618862913217635185e-03
-1.398797595190380889e+02 1.655758463503043468e-03
-1.390781563126252536e+02 1.695087679381182240e-03
-1.382765531062124182e+02 1.737040563112083030e-03
-1.374749498997995829e+02 1.778993446842983602e-03
-1.366733466933867760e+02 1.820946330573882874e-03
-1.358717434869739407e+02 1.862899214304783880e-03
-1.350701402805611337e+02 1.904852098035683151e-03
-1.342685370741482984e+02 1.947911596429148127e-03
-1.334669338677354631e+02 1.995751257395269197e-03
-1.326653306613226277e+02 2.043590918361389615e-03
-1.318637274549098208e+02 2.091430579327508300e-03
-1.310621242484969855e+02 2.139270240293629152e-03
-1.302605210420841786e+02 2.187109901259748270e-03
-1.294589178356713433e+02 2.234949562225868689e-03
-1.286573146292585079e+02 2.288912422482232943e-03
-1.278557114228456868e+02 2.343595550562132309e-03
-1.270541082164328657e+02 2.398278678642031675e-03
-1.262525050100200446e+02 2.452961806721930607e-03
-1.254509018036072092e+02 2.507644934801830840e-03
-1.246492985971943881e+02 2.562328062881730640e-03
-1.238476953907815670e+02 2.621794138961271951e-03
-1.230460921843687316e+02 2.684428717054321289e-03
-1.222444889779559105e+02 2.747063295147370195e-03
-1.214428857715430894e+02 2.809697873240418232e-03
-1.206412825651302541e+02 2.872332451333468005e-03
-1.198396793587174329e+02 2.934967029426516476e-03
-1.190380761523046118e+02 3.000450105068924473e-03
-1.182364729458917765e+02 3.072324445100116461e-03
-1.174348697394789554e+02 3.144198785131307582e-03
-1.166332665330661342e+02 3.216073125162497836e-03
-1.158316633266532989e+02 3.287947465193689824e-03
-1.150300601202404778e+02 3.359821805224880512e-03
-1.142284569138276566e+02 3.431857891068147617e-03
-1.134268537074148213e+02 3.514476013495746506e-03
-1.126252505010020002e+02 3.597094135923343660e-03
-1.118236472945891791e+02 3.679712258350939947e-03
-1.110220440881763437e+02 3.762330380778538402e-03
-1.102204408817635226e+02 3.844948503206135557e-03
-1.094188376753507015e+02 3.927566625633732711e-03
-1.086172344689378662e+02 4.019212620860523021e-03
-1.078156312625250450e+02 4.114337792513340572e-03
-1.070140280561122239e+02 4.209462964166157256e-03
-1.062124248496994028e+02 4.304588135818974808e-03
-1.054108216432865675e+02 4.399713307471794094e-03
-1.046092184368737463e+02 4.494838479124611645e-03
-1.038076152304609252e+02 4.596214096747847956e-03
-1.030060120240480899e+02 4.705922986829979247e-03
-1.022044088176352687e+02 4.815631876912110539e-03
-1.014028056112224476e+02 4.925340766994240095e-03
-1.006012024048096123e+02 5.035049657076372254e-03
-9.979959919839679117e+01 5.144758547158501810e-03
-9.899799599198397004e+01 5.256774206167804699e-03
-9.819639278557113471e+01 5.383525002241663568e-03
-9.739478957915831359e+01 5.510275798315521570e-03
-9.659318637274549246e+01 5.637026594389378704e-03
-9.579158316633265713e+01 5.763777390463239308e-03
-9.498997995991983601e+01 5.890528186537096443e-03
-9.418837675350701488e+01 6.017278982610954445e-03
-9.338677354709417955e+01 6.160845641954581370e-03
-9.258517034068135843e+01 6.307564770802566619e-03
-9.178356713426853730e+01 6.454283899650551867e-03
-9.098196392785570197e+01 6.601003028498538851e-03
-9.018036072144288084e+01 6.747722157346524967e-03
-8.937875751503005972e+01 6.894441286194511083e-03
-8.857715430861722439e+01 7.054045664834762870e-03
-8.777555110220440326e+01 7.224239705781718146e-03
-8.697394789579158214e+01 7.394433746728672555e-03
-8.617234468937876102e+01 7.564627787675626096e-03
-8.537074148296592568e+01 7.734821828622583974e-03
-8.456913827655310456e+01 7.905015869569537515e-03
-8.376753507014028344e+01 8.082293868446875987e-03
-8.296593186372744810e+01 8.280196158540968632e-03
-8.216432865731462698e+01 8.478098448635057807e-03
-8.136272545090180586e+01 8.676000738729148717e-03
-8.056112224448897052e+01 8.873903028823243097e-03
-7.975951903807614940e+01 9.071805318917332273e-03
-7.895791583166332828e+01 9.269707609011423183e-03
-7.815631262525049294e+01 9.499238914747794998e-03
-7.735470941883767182e+01 9.730004898015981452e-03
-7.655310621242485070e+01 9.960770881284169639e-03
-7.575150300601201536e+01 1.019153686455236303e-02
-7.494989979959919424e+01 1.042230284782055122e-02
-7.414829659318637312e+01 1.065306883108873941e-02
-7.334669338677353778e+01 1.091007180990248744e-02
-7.254509018036071666e+01 1.118004440260473784e-02
-7.174348697394788132e+01 1.145001699530699170e-02
-7.094188376753507441e+01 1.171998958800923689e-02
-7.014028056112223908e+01 1.198996218071149249e-02
-6.933867735470940374e+01 1.225993477341374809e-02
-6.853707414829659683e+01 1.254761725026415885e-02
-6.773547094188376150e+01 1.286469483188830941e-02
-6.693386773547092616e+01 1.318177241351245824e-02
-6.613226452905811925e+01 1.349884999513659666e-02
-6.533066132264528392e+01 1.381592757676074548e-02
-6.452905811623244858e+01 1.413300515838489431e-02
-6.372745490981964167e+01 1.445480550337660194e-02
-6.292585170340680634e+01 1.482896669417210246e-02
-6.212424849699397100e+01 1.520312788496760298e-02
-6.132264529058116409e+01 1.557728907576308962e-02
-6.052104208416832876e+01 1.595145026655859360e-02
-5.971943887775549342e+01 1.632561145735409239e-02
-5.891783567134268651e+01 1.669977264814957729e-02
-5.811623246492985118e+01 1.712912688674065806e-02
-5.731462925851701584e+01 1.757319675763430872e-02
-5.651302605210420893e+01 1.801726662852794203e-02
-5.571142284569137360e+01 1.846133649942159269e-02
-5.490981963927856668e+01 1.890540637031522600e-02
-5.410821643286573135e+01 1.934947624120888013e-02
-5.330661322645289601e+01 1.983660016599157749e-02
-5.250501002004008910e+01 2.036742533865038701e-02
-5.170340681362725377e+01 2.089825051130921735e-02
-5.090180360721441843e+01 2.142907568396804768e-02
-5.010020040080161152e+01 2.195990085662686414e-02
-4.929859719438877619e+01 2.249072602928569101e-02
-4.849699398797594085e+01 2.304377683351838471e-02
-4.769539078156313394e+01 2.368406742031174683e-02
-4.689378757515029861e+01 2.432435800710514018e-02
-4.609218436873746327e+01 2.496464859389853005e-02
-4.529058116232465636e+01 2.560493918069189564e-02
-4.448897795591182103e+01 2.624522976748528552e-02
-4.368737474949898569e+01 2.688552035427867193e-02
-4.288577154308617878e+01 2.765422980081629761e-02
-4.208416833667334345e+01 2.843567012582054812e-02
-4.128256513026050811e+01 2.921711045082478822e-02
-4.048096192384770120e+01 2.999855077582901097e-02
-3.967935871743486587e+01 3.077999110083325801e-02
-3.887775551102203053e+01 3.156143142583750505e-02
-3.807615230460922362e+01 3.245823567077320282e-02
-3.727454909819638829e+01 3.342678080066971424e-02
-3.647294589178355295e+01 3.439532593056621873e-02
-3.567134268537074604e+01 3.536387106046268158e-02
-3.486973947895791071e+01 3.633241619035918607e-02
-3.406813627254507537e+01 3.730096132025569056e-02
-3.326653306613226846e+01 3.835280119793763043e-02
-3.246492985971943313e+01 3.957895226178707176e-02
-3.166332665330659779e+01 4.080510332563651310e-02
-3.086172344689379088e+01 4.203125438948591280e-02
-3.006012024048095554e+01 4.325740545333535414e-02
-2.925851703406812021e+01 4.448355651718480241e-02
-2.845691382765531330e+01 4.572100197677640698e-02
-2.765531062124247796e+01 4.732226176398548340e-02
-2.685370741482964263e+01 4.892352155119453899e-02
-2.605210420841683572e+01 5.052478133840355295e-02
-2.525050100200400038e+01 5.212604112561260855e-02
-2.444889779559116505e+01 5.372730091282167803e-02
-2.364729458917835814e+01 5.532856070003068505e-02
-2.284569138276552280e+01 5.737325567408676358e-02
-2.204408817635268747e+01 5.957629137738602171e-02
-2.124248496993988056e+01 6.177932708068519657e-02
-2.044088176352704522e+01 6.398236278398444776e-02
-1.963927855711420989e+01 6.618539848728369202e-02
-1.883767535070140298e+01 6.838843419058286688e-02
-1.803607214428856764e+01 7.109873109831951754e-02
-1.723446893787573231e+01 7.444515984879164494e-02
-1.643286573146292540e+01 7.779158859926363356e-02
-1.563126252505009006e+01 8.113801734973576096e-02
-1.482965931863728315e+01 8.448444610020776346e-02
-1.402805611222444782e+01 8.783087485067987699e-02
-1.322645290581161248e+01 9.157088364062314356e-02
-1.242484969939880557e+01 9.753396690656319923e-02
-1.162324649298597024e+01 1.034970501725034353e-01
-1.082164328657313490e+01 1.094601334384436991e-01
-1.002004008016032799e+01 1.154232167043837548e-01
-9.218436873747492655e+00 1.213862999703240048e-01
-8.416833667334657321e+00 1.294498232171719110e-01
-7.615230460921850408e+00 1.430165545419327389e-01
-6.813627254509015074e+00 1.565832858666940386e-01
-6.012024048096179740e+00 1.701500171914553383e-01
-5.210420841683372828e+00 1.837167485162161662e-01
-4.408817635270537494e+00 2.143531132641328940e-01
-3.607214428857702160e+00 2.510651102474101282e-01
-2.805611222444895247e+00 2.877771072306860578e-01
-2.004008016032059913e+00 3.246482936156850907e-01
-1.202404809619224579e+00 3.616175663997246992e-01
-4.008016032064176670e-01 3.985868391837631974e-01
4.008016032064176670e-01 4.918033384963615973e-01
1.202404809619253001e+00 6.412670643375185664e-01
2.004008016032059913e+00 7.907307901786703175e-01
2.805611222444895247e+00 9.401945160198272866e-01
3.607214428857730582e+00 1.095420058857717205e+00
4.408817635270537494e+00 1.260489391182948227e+00
5.210420841683372828e+00 1.425558723508184800e+00
6.012024048096208162e+00 1.590628055833421595e+00
6.813627254509015074e+00 1.755697388158652172e+00
7.615230460921850408e+00 1.920766720483888967e+00
