# r_nm potential_V
0.000000000000000000e+00 1.828867974162338983e-01
2.512562814070351980e+00 1.822147016830015231e-01
5.025125628140703959e+00 1.816542114010325781e-01
7.537688442211056383e+00 1.811267351769793865e-01
1.005025125628140792e+01 1.802778968092192124e-01
1.256281407035175945e+01 1.793710417578315564e-01
1.507537688442211277e+01 1.784447385726758151e-01
1.758793969849246253e+01 1.772482292514121205e-01
2.010050251256281584e+01 1.761563912330021131e-01
2.261306532663316915e+01 1.749496863331145846e-01
2.512562814070351891e+01 1.738596049536528798e-01
2.763819095477387222e+01 1.727585990508112290e-01
3.015075376884422553e+01 1.717549143003110901e-01
3.266331658291457529e+01 1.707108004436444504e-01
3.517587939698492505e+01 1.698104760817011061e-01
3.768844221105528192e+01 1.689182728559707747e-01
4.020100502512563168e+01 1.680793731763888244e-01
4.271356783919598143e+01 1.673831891394742533e-01
4.522613065326633830e+01 1.666183069719234799e-01
4.773869346733668806e+01 1.660830087821440204e-01
5.025125628140703782e+01 1.655174137303614679e-01
5.276381909547739468e+01 1.650128361281264500e-01
5.527638190954774444e+01 1.645324325031967128e-01
5.778894472361809420e+01 1.640872391606906233e-01
6.030150753768845107e+01 1.637659968802135380e-01
6.281407035175880083e+01 1.633870719800601945e-01
6.532663316582915058e+01 1.630923032636080738e-01
6.783919597989950034e+01 1.627597075824706307e-01
7.035175879396985010e+01 1.624754902854221861e-01
7.286432160804021407e+01 1.621919247153781884e-01
7.537688442211056383e+01 1.620131506644977570e-01
7.788944723618091359e+01 1.617682284003252036e-01
8.040201005025126335e+01 1.616035103863696643e-01
8.291457286432161311e+01 1.614911779502627986e-01
8.542713567839196287e+01 1.612695796954352612e-01
8.793969849246231263e+01 1.611331249919154551e-01
9.045226130653267660e+01 1.609971354230282925e-01
9.296482412060302636e+01 1.608670747179878624e-01
9.547738693467337612e+01 1.606981912565665915e-01
9.798994974874372588e+01 1.606349605898978739e-01
1.005025125628140756e+02 1.605393832100566465e-01
1.030150753768844254e+02 1.603498329601760475e-01
1.055276381909547894e+02 1.602355823928157119e-01
1.080402010050251391e+02 1.602628563760409852e-01
1.105527638190954889e+02 1.601521888899365420e-01
1.130653266331658386e+02 1.600644834304339181e-01
1.155778894472361884e+02 1.599126787266198224e-01
1.180904522613065382e+02 1.599189927541040113e-01
1.206030150753769021e+02 1.598451345516058164e-01
1.231155778894472519e+02 1.597715381108950061e-01
1.256281407035176017e+02 1.597137694733331281e-01
1.281407035175879514e+02 1.596841763450241591e-01
1.306532663316583012e+02 1.596278419498828316e-01
1.331658291457286509e+02 1.595321236757558103e-01
1.356783919597990007e+02 1.595016687364243235e-01
1.381909547738693504e+02 1.594510354100524274e-01
1.407035175879397002e+02 1.594062539717822913e-01
1.432160804020100500e+02 1.592999614742437176e-01
1.457286432160804281e+02 1.593181323175115183e-01
1.482412060301507779e+02 1.592651537708435205e-01
1.507537688442211277e+02 1.592444769923141989e-01
1.532663316582914774e+02 1.592117636951498050e-01
1.557788944723618272e+02 1.591775073035111010e-01
1.582914572864321769e+02 1.591026266231667652e-01
1.608040201005025267e+02 1.590395665027205807e-01
1.633165829145728765e+02 1.590900759619153504e-01
1.658291457286432262e+02 1.590490938455051406e-01
1.683417085427135760e+02 1.590220822489522845e-01
1.708542713567839257e+02 1.589922728760177761e-01
1.733668341708542755e+02 1.589592840749871894e-01
1.758793969849246253e+02 1.589455282655024282e-01
1.783919597989950034e+02 1.589036810348323780e-01
1.809045226130653532e+02 1.588858097728408914e-01
1.834170854271357030e+02 1.588488416990544716e-01
1.859296482412060527e+02 1.588043853796161087e-01
1.884422110552764025e+02 1.588264871392844613e-01
1.909547738693467522e+02 1.587920138664632164e-01
1.934673366834171020e+02 1.587663939821077341e-01
1.959798994974874518e+02 1.587191753193812338e-01
1.984924623115578015e+02 1.587554360186014812e-01
2.010050251256281513e+02 1.587184514965124527e-01
2.035175879396985010e+02 1.587156494567456000e-01
2.060301507537688508e+02 1.586647824890055625e-01
2.085427135678392006e+02 1.586459162490715114e-01
2.110552763819095787e+02 1.586343572173206651e-01
2.135678391959799285e+02 1.586149193116105638e-01
2.160804020100502782e+02 1.585895452011642781e-01
2.185929648241206280e+02 1.585900509765468258e-01
2.211055276381909778e+02 1.585646466051336134e-01
2.236180904522613275e+02 1.586024784424504286e-01
2.261306532663316773e+02 1.585514127097701620e-01
2.286432160804020270e+02 1.585419083612798763e-01
2.311557788944723768e+02 1.585415854099539723e-01
2.336683417085427266e+02 1.585326814980540511e-01
2.361809045226130763e+02 1.585030361162040879e-01
2.386934673366834261e+02 1.585044941533182705e-01
2.412060301507538043e+02 1.584273812978874429e-01
2.437185929648241540e+02 1.584782573804485450e-01
2.462311557788945038e+02 1.585129440041218585e-01
2.487437185929648535e+02 1.584183675285946169e-01
2.512562814070352033e+02 1.584348257786327430e-01
2.537688442211055531e+02 1.584362870207894625e-01
2.562814070351759028e+02 1.584074365993988209e-01
2.587939698492462526e+02 1.584267565244663611e-01
2.613065326633166023e+02 1.584068983442759038e-01
2.638190954773869521e+02 1.583608151176924828e-01
2.663316582914573019e+02 1.583715501810110393e-01
2.688442211055276516e+02 1.583646185279585505e-01
2.713567839195980014e+02 1.583702546597086647e-01
2.738693467336683511e+02 1.583615969191678463e-01
2.763819095477387009e+02 1.583674957494566882e-01
2.788944723618090507e+02 1.583350450117860519e-01
2.814070351758794004e+02 1.583370478808447390e-01
2.839195979899497502e+02 1.583270930727374293e-01
2.864321608040200999e+02 1.582962341089304281e-01
2.889447236180904497e+02 1.583098185137068459e-01
2.914572864321608563e+02 1.583495463834111161e-01
2.939698492462312061e+02 1.582547822246684333e-01
2.964824120603015558e+02 1.582958105555075101e-01
2.989949748743719056e+02 1.582618760808589542e-01
3.015075376884422553e+02 1.582928424428104996e-01
3.040201005025126051e+02 1.581963855636724647e-01
3.065326633165829548e+02 1.582970690885060205e-01
3.090452261306533046e+02 1.582300971515205323e-01
3.115577889447236544e+02 1.582600363671919086e-01
3.140703517587940041e+02 1.582318022995214679e-01
3.165829145728643539e+02 1.582948504411515467e-01
3.190954773869347036e+02 1.582390817956779439e-01
3.216080402010050534e+02 1.581958962780256051e-01
3.241206030150754032e+02 1.582113325813420679e-01
3.266331658291457529e+02 1.582229456633418574e-01
3.291457286432161027e+02 1.582379655611759472e-01
3.316582914572864524e+02 1.581959937714378650e-01
3.341708542713568022e+02 1.581825795736754026e-01
3.366834170854271520e+02 1.581947497984837192e-01
3.391959798994975017e+02 1.581676528341341426e-01
3.417085427135678515e+02 1.581616889452061026e-01
3.442211055276382012e+02 1.581347927219613758e-01
3.467336683417085510e+02 1.582326055278842625e-01
3.492462311557789008e+02 1.582373969793979540e-01
3.517587939698492505e+02 1.581461192432727925e-01
3.542713567839196571e+02 1.581686421074978144e-01
3.567839195979900069e+02 1.581832040420333707e-01
3.592964824120603566e+02 1.581859010583054892e-01
3.618090452261307064e+02 1.581593607773888743e-01
3.643216080402010562e+02 1.581908017418309775e-01
3.668341708542714059e+02 1.581719049343491557e-01
3.693467336683417557e+02 1.581730129740399060e-01
3.718592964824121054e+02 1.581403908389455992e-01
3.743718592964824552e+02 1.581515537846505670e-01
3.768844221105528050e+02 1.581709019843881014e-01
3.793969849246231547e+02 1.581432789960668384e-01
3.819095477386935045e+02 1.581188850840230808e-01
3.844221105527638542e+02 1.581607136632797728e-01
3.869346733668342040e+02 1.581274289775589093e-01
3.894472361809045537e+02 1.581669828129476929e-01
3.919597989949749035e+02 1.581070182805273949e-01
3.944723618090452533e+02 1.581265487210957443e-01
3.969849246231156030e+02 1.581182484899522622e-01
3.994974874371859528e+02 1.581272402606665739e-01
4.020100502512563025e+02 1.581117762895664636e-01
4.045226130653266523e+02 1.581728045126016835e-01
4.070351758793970021e+02 1.581229861465141828e-01
4.095477386934673518e+02 1.581630346817679278e-01
4.120603015075377016e+02 1.581234350136946076e-01
4.145728643216080513e+02 1.580945180776003600e-01
4.170854271356784011e+02 1.581162375851832280e-01
4.195979899497488077e+02 1.580686266268485629e-01
4.221105527638191575e+02 1.581459874879936611e-01
4.246231155778895072e+02 1.581071733407618529e-01
4.271356783919598570e+02 1.581231732299647752e-01
4.296482412060302067e+02 1.581054881039876958e-01
4.321608040201005565e+02 1.581174395918770459e-01
4.346733668341709063e+02 1.580798345850393805e-01
4.371859296482412560e+02 1.581033147932864313e-01
4.396984924623116058e+02 1.581116504132299427e-01
4.422110552763819555e+02 1.580954381514722840e-01
4.447236180904523053e+02 1.581415887716532687e-01
4.472361809045226551e+02 1.580707419633020083e-01
4.497487437185930048e+02 1.580995260313995399e-01
4.522613065326633546e+02 1.581362267043129044e-01
4.547738693467337043e+02 1.580710829061728884e-01
4.572864321608040541e+02 1.580768815911511305e-01
4.597989949748744039e+02 1.580955997099670607e-01
4.623115577889447536e+02 1.580719189363320176e-01
4.648241206030151034e+02 1.580796764117369524e-01
4.673366834170854531e+02 1.580406160683789918e-01
4.698492462311558029e+02 1.581038921237901129e-01
4.723618090452261526e+02 1.581284524408717029e-01
4.748743718592965024e+02 1.580726245548940700e-01
4.773869346733668522e+02 1.581260303113434795e-01
4.798994974874372019e+02 1.580690037087488509e-01
4.824120603015076085e+02 1.580683090766502874e-01
4.849246231155779583e+02 1.580406433752912232e-01
4.874371859296483080e+02 1.580409831387173392e-01
4.899497487437186578e+02 1.580457905805244256e-01
4.924623115577890076e+02 1.580458721980693149e-01
4.949748743718593573e+02 1.580147046948914280e-01
4.974874371859297071e+02 1.580525571229983162e-01
5.000000000000000000e+02 1.581579330833937092e-01
