# r_nm potential_V
0.000000000000000000e+00 2.174716352143888920e-01
2.512562814070351980e+00 2.160694705046933839e-01
5.025125628140703959e+00 2.149005227566743170e-01
7.537688442211056383e+00 2.137665740068505349e-01
1.005025125628140792e+01 2.119253927767084655e-01
1.256281407035175945e+01 2.099361231029111541e-01
1.507537688442211277e+01 2.078650077026140686e-01
1.758793969849246253e+01 2.052652668184681284e-01
2.010050251256281584e+01 2.028403043261995664e-01
2.261306532663316915e+01 2.001348564063402391e-01
2.512562814070351891e+01 1.976571452291726871e-01
2.763819095477387222e+01 1.951671681776047940e-01
3.015075376884422553e+01 1.928237656383584575e-01
3.266331658291457529e+01 1.904447930358909302e-01
3.517587939698492505e+01 1.883153477606289983e-01
3.768844221105528192e+01 1.862432944266611268e-01
4.020100502512563168e+01 1.842934133231312610e-01
4.271356783919598143e+01 1.825815359543797312e-01
4.522613065326633830e+01 1.808185203252982987e-01
4.773869346733668806e+01 1.794352892804769728e-01
5.025125628140703782e+01 1.780469081298574896e-01
5.276381909547739468e+01 1.767882401565666617e-01
5.527638190954774444e+01 1.755976285801208181e-01
5.778894472361809420e+01 1.745024421027029371e-01
6.030150753768845107e+01 1.736039519066961412e-01
6.281407035175880083e+01 1.726662665696098442e-01
6.532663316582915058e+01 1.718707182992573468e-01
6.783919597989950034e+01 1.710609743043782771e-01
7.035175879396985010e+01 1.703423442131762056e-01
7.286432160804021407e+01 1.696563894262262673e-01
7.537688442211056383e+01 1.691234318060068631e-01
7.788944723618091359e+01 1.685270437147748102e-01
8.040201005025126335e+01 1.680505804653699420e-01
8.291457286432161311e+01 1.676531166059779254e-01
8.542713567839196287e+01 1.671461932658312999e-01
8.793969849246231263e+01 1.667565146390999342e-01
9.045226130653267660e+01 1.663810943757048633e-01
9.296482412060302636e+01 1.660292230692444193e-01
9.547738693467337612e+01 1.656407689836398023e-01
9.798994974874372588e+01 1.653883390390789576e-01
1.005025125628140756e+02 1.651107048538446587e-01
1.030150753768844254e+02 1.647342420250617057e-01
1.055276381909547894e+02 1.644510854008559009e-01
1.080402010050251391e+02 1.643363774765937146e-01
1.105527638190954889e+02 1.640739958411345234e-01
1.130653266331658386e+02 1.638451128325013328e-01
1.155778894472361884e+02 1.635521406792652677e-01
1.180904522613065382e+02 1.634420140167686109e-01
1.206030150753769021e+02 1.632484929070079360e-01
1.231155778894472519e+02 1.630599370715548890e-01
1.256281407035176017e+02 1.628940785190266805e-01
1.281407035175879514e+02 1.627637669540326626e-01
1.306532663316583012e+02 1.626086086587311130e-01
1.331658291457286509e+02 1.624153759396556596e-01
1.356783919597990007e+02 1.622961516020892947e-01
1.381909547738693504e+02 1.621594839650267739e-01
1.407035175879397002e+02 1.620332567243168431e-01
1.432160804020100500e+02 1.618436913158704527e-01
1.457286432160804281e+02 1.617896732579111596e-01
1.482412060301507779e+02 1.616625365361679112e-01
1.507537688442211277e+02 1.615733492069119370e-01
1.532663316582914774e+02 1.614742486391019249e-01
1.557788944723618272e+02 1.613760009654440220e-01
1.582914572864321769e+02 1.612371838140946312e-01
1.608040201005025267e+02 1.611116754046869881e-01
1.633165829145728765e+02 1.611093030942361004e-01
1.658291457286432262e+02 1.610118119985599894e-01
1.683417085427135760e+02 1.609308358576939380e-01
1.708542713567839257e+02 1.608489292323404818e-01
1.733668341708542755e+02 1.607655514451314660e-01
1.758793969849246253e+02 1.607043542826850913e-01
1.783919597989950034e+02 1.606149953529697472e-01
1.809045226130653532e+02 1.605520951910794358e-01
1.834170854271357030e+02 1.604711039591683319e-01
1.859296482412060527e+02 1.603833643317424673e-01
1.884422110552764025e+02 1.603664377779050187e-01
1.909547738693467522e+02 1.602919621286170437e-01
1.934673366834171020e+02 1.602271942108731695e-01
1.959798994974874518e+02 1.601419727030425622e-01
1.984924623115578015e+02 1.601443912279106596e-01
2.010050251256281513e+02 1.600715904709980320e-01
2.035175879396985010e+02 1.600353925514715614e-01
2.060301507537688508e+02 1.599497600735250991e-01
2.085427135678392006e+02 1.598990020572046977e-01
2.110552763819095787e+02 1.598566430566309704e-01
2.135678391959799285e+02 1.598071154936519800e-01
2.160804020100502782e+02 1.597520613446209159e-01
2.185929648241206280e+02 1.597249486889960046e-01
2.211055276381909778e+02 1.596719112550952224e-01
2.236180904522613275e+02 1.596847955827904175e-01
2.261306532663316773e+02 1.596065022153536073e-01
2.286432160804020270e+02 1.595715160813533373e-01
2.311557788944723768e+02 1.595470872058629419e-01
2.336683417085427266e+02 1.595143713560325249e-01
2.361809045226130763e+02 1.594609236561840282e-01
2.386934673366834261e+02 1.594401114403218023e-01
2.412060301507538043e+02 1.593394274522292042e-01
2.437185929648241540e+02 1.593706006248381546e-01
2.462311557788945038e+02 1.593856654908052117e-01
2.487437185929648535e+02 1.592688472932563548e-01
2.512562814070352033e+02 1.592662699716327901e-01
2.537688442211055531e+02 1.592489794860011132e-01
2.562814070351759028e+02 1.592012456252892560e-01
2.587939698492462526e+02 1.592031627301031260e-01
2.613065326633166023e+02 1.591654834315389400e-01
2.638190954773869521e+02 1.591014572636489099e-01
2.663316582914573019e+02 1.590958975069967918e-01
2.688442211055276516e+02 1.590727583620088481e-01
2.713567839195980014e+02 1.590628586616685547e-01
2.738693467336683511e+02 1.590387571885442664e-01
2.763819095477387009e+02 1.590299395284930084e-01
2.788944723618090507e+02 1.589825198040445142e-01
2.814070351758794004e+02 1.589704095437835807e-01
2.839195979899497502e+02 1.589467593401614198e-01
2.864321608040200999e+02 1.589017915535856362e-01
2.889447236180904497e+02 1.589027463026633225e-01
2.914572864321608563e+02 1.589305447779585378e-01
2.939698492462312061e+02 1.588219567468720506e-01
2.964824120603015558e+02 1.588513300672112216e-01
2.989949748743719056e+02 1.588052283550980825e-01
3.015075376884422553e+02 1.588255299264646758e-01
3.040201005025126051e+02 1.587166029406678891e-01
3.065326633165829548e+02 1.588079614304649390e-01
3.090452261306533046e+02 1.587295288495573775e-01
3.115577889447236544e+02 1.587495340879089278e-01
3.140703517587940041e+02 1.587109762300278337e-01
3.165829145728643539e+02 1.587651357973683119e-01
3.190954773869347036e+02 1.586993024122798912e-01
3.216080402010050534e+02 1.586464497015999953e-01
3.241206030150754032e+02 1.586531052572732747e-01
3.266331658291457529e+02 1.586561732003648195e-01
3.291457286432161027e+02 1.586627383719619311e-01
3.316582914572864524e+02 1.586120309060137235e-01
3.341708542713568022e+02 1.585906638274659775e-01
3.366834170854271520e+02 1.585951212635916263e-01
3.391959798994975017e+02 1.585600529957306437e-01
3.417085427135678515e+02 1.585465638634613039e-01
3.442211055276382012e+02 1.585121789441080731e-01
3.467336683417085510e+02 1.586039897745256944e-01
3.492462311557789008e+02 1.586019161967517355e-01
3.517587939698492505e+02 1.585030688468076487e-01
3.542713567839196571e+02 1.585194534165181857e-01
3.567839195979900069e+02 1.585278949681731275e-01
3.592964824120603566e+02 1.585245580769656104e-01
3.618090452261307064e+02 1.584918699157012445e-01
3.643216080402010562e+02 1.585177563208235441e-01
3.668341708542714059e+02 1.584931646845125774e-01
3.693467336683417557e+02 1.584889073049779995e-01
3.718592964824121054e+02 1.584507605977265310e-01
3.743718592964824552e+02 1.584569780950454421e-01
3.768844221105528050e+02 1.584714787595111751e-01
3.793969849246231547e+02 1.584388076128848133e-01
3.819095477386935045e+02 1.584095420875560045e-01
3.844221105527638542e+02 1.584471566831762990e-01
3.869346733668342040e+02 1.584091753918329126e-01
3.894472361809045537e+02 1.584447672981280364e-01
3.919597989949749035e+02 1.583802593052825169e-01
3.944723618090452533e+02 1.583960143482968652e-01
3.969849246231156030e+02 1.583838007766775746e-01
3.994974874371859528e+02 1.583890722985262789e-01
4.020100502512563025e+02 1.583697898233995538e-01
4.045226130653266523e+02 1.584277116595528001e-01
4.070351758793970021e+02 1.583741486659308029e-01
4.095477386934673518e+02 1.584112148006830978e-01
4.120603015075377016e+02 1.583682543549544131e-01
4.145728643216080513e+02 1.583361544941314092e-01
4.170854271356784011e+02 1.583551597141034661e-01
4.195979899497488077e+02 1.583043833720199356e-01
4.221105527638191575e+02 1.583794717576789968e-01
4.246231155778895072e+02 1.583377528182212113e-01
4.271356783919598570e+02 1.583513786982592986e-01
4.296482412060302067e+02 1.583311232977584748e-01
4.321608040201005565e+02 1.583408979296204444e-01
4.346733668341709063e+02 1.583008455475946041e-01
4.371859296482412560e+02 1.583222591761156983e-01
4.396984924623116058e+02 1.583286023118182506e-01
4.422110552763819555e+02 1.583103826961941574e-01
4.447236180904523053e+02 1.583550267863320371e-01
4.472361809045226551e+02 1.582820576919696520e-01
4.497487437185930048e+02 1.583093120428078204e-01
4.522613065326633546e+02 1.583446769113922292e-01
4.547738693467337043e+02 1.582777199134295931e-01
4.572864321608040541e+02 1.582821471295754179e-01
4.597989949748744039e+02 1.582996623970906180e-01
4.623115577889447536e+02 1.582746423713680406e-01
4.648241206030151034e+02 1.582813528451897656e-01
4.673366834170854531e+02 1.582410675825810797e-01
4.698492462311558029e+02 1.583037232142475714e-01
4.723618090452261526e+02 1.583274851253508864e-01
4.748743718592965024e+02 1.582705076109406361e-01
4.773869346733668522e+02 1.583234751605478163e-01
4.798994974874372019e+02 1.582655453700015924e-01
4.824120603015076085e+02 1.582643900117768065e-01
4.849246231155779583e+02 1.582361414681378309e-01
4.874371859296483080e+02 1.582361328650441212e-01
4.899497487437186578e+02 1.582406102516916713e-01
4.924623115577890076e+02 1.582403928238685364e-01
4.949748743718593573e+02 1.582089193099051883e-01
4.974874371859297071e+02 1.582469484070640475e-01
5.000000000000000000e+02 1.583530002813378912e-01
