# r_nm potential_V
0.000000000000000000e+00 1.907452414414859965e-01
2.512562814070351980e+00 1.899281025113694898e-01
5.025125628140703959e+00 1.892308970055137651e-01
7.537688442211056383e+00 1.885537942134629108e-01
1.005025125628140792e+01 1.874718353215191480e-01
1.256281407035175945e+01 1.863050576018333848e-01
1.507537688442211277e+01 1.850992009658793958e-01
1.758793969849246253e+01 1.835690160034638974e-01
2.010050251256281584e+01 1.821542188833310261e-01
2.261306532663316915e+01 1.805926384149838804e-01
2.512562814070351891e+01 1.791694259798126965e-01
2.763819095477387222e+01 1.777380705592901400e-01
3.015075376884422553e+01 1.764159139408652821e-01
3.266331658291457529e+01 1.750587563414604531e-01
3.517587939698492505e+01 1.738694398906625582e-01
3.768844221105528192e+01 1.727022912291536483e-01
4.020100502512563168e+01 1.716062648925579803e-01
4.271356783919598143e+01 1.706751635605142370e-01
4.522613065326633830e+01 1.696826850414394072e-01
4.773869346733668806e+01 1.689525265014316935e-01
5.025125628140703782e+01 1.682001997709439700e-01
5.276381909547739468e+01 1.675253762953314296e-01
5.527638190954774444e+01 1.668858380674420883e-01
5.778894472361809420e+01 1.662955500283083976e-01
6.030150753768845107e+01 1.658454898142091016e-01
6.281407035175880083e+01 1.653432010745974345e-01
6.532663316582915058e+01 1.649379458571526569e-01
6.783919597989950034e+01 1.645009622289527740e-01
7.035175879396985010e+01 1.641218984244539048e-01
7.286432160804021407e+01 1.637508375214061784e-01
7.537688442211056383e+01 1.634949684130229675e-01
7.788944723618091359e+01 1.631742758476865951e-01
8.040201005025126335e+01 1.629423123849777777e-01
8.291457286432161311e+01 1.627685596086771713e-01
8.542713567839196287e+01 1.624860566714445564e-01
8.793969849246231263e+01 1.622954787115349351e-01
9.045226130653267660e+01 1.621084741912475480e-01
9.296482412060302636e+01 1.619312638858984577e-01
9.547738693467337612e+01 1.617159743889484691e-01
9.798994974874372588e+01 1.616126282425521532e-01
1.005025125628140756e+02 1.614785721935716178e-01
1.030150753768844254e+02 1.612497771601624497e-01
1.055276381909547894e+02 1.611000645906623951e-01
1.080402010050251391e+02 1.610973764569662570e-01
1.105527638190954889e+02 1.609549643643606587e-01
1.130653266331658386e+02 1.608377362691330303e-01
1.155778894472361884e+02 1.606565382466894343e-01
1.180904522613065382e+02 1.606384755679240717e-01
1.206030150753769021e+02 1.605396964186986131e-01
1.231155778894472519e+02 1.604422013004713488e-01
1.256281407035176017e+02 1.603619794880644656e-01
1.281407035175879514e+02 1.603114665401056127e-01
1.306532663316583012e+02 1.602346539327407782e-01
1.331658291457286509e+02 1.601187785778574735e-01
1.356783919597990007e+02 1.600699530248222979e-01
1.381909547738693504e+02 1.600015454001067206e-01
1.407035175879397002e+02 1.599399432479713667e-01
1.432160804020100500e+02 1.598165108158514647e-01
1.457286432160804281e+02 1.598197838688955041e-01
1.482412060301507779e+02 1.597515508501475834e-01
1.507537688442211277e+02 1.597167750884470883e-01
1.532663316582914774e+02 1.596704140712509046e-01
1.557788944723618272e+02 1.596230143431540405e-01
1.582914572864321769e+02 1.595350261742217723e-01
1.608040201005025267e+02 1.594591750137993036e-01
1.633165829145728765e+02 1.594988200296285907e-01
1.658291457286432262e+02 1.594462721478366873e-01
1.683417085427135760e+02 1.594082171649173207e-01
1.708542713567839257e+02 1.593677547117931803e-01
1.733668341708542755e+02 1.593244684754356322e-01
1.758793969849246253e+02 1.593010165594795913e-01
1.783919597989950034e+02 1.592494741215884357e-01
1.809045226130653532e+02 1.592224132936432279e-01
1.834170854271357030e+02 1.591764678980717995e-01
1.859296482412060527e+02 1.591231933312727276e-01
1.884422110552764025e+02 1.591373343890057912e-01
1.909547738693467522e+02 1.590947165448855782e-01
1.934673366834171020e+02 1.590611303497346252e-01
1.959798994974874518e+02 1.590061822684658843e-01
1.984924623115578015e+02 1.590355510057200883e-01
2.010050251256281513e+02 1.589912884723235498e-01
2.035175879396985010e+02 1.589816975346563799e-01
2.060301507537688508e+02 1.589237749499747554e-01
2.085427135678392006e+02 1.588984328163579596e-01
2.110552763819095787e+02 1.588806206593581238e-01
2.135678391959799285e+02 1.588550775540941151e-01
2.160804020100502782e+02 1.588236842391709813e-01
2.185929648241206280e+02 1.588185868965724390e-01
2.211055276381909778e+02 1.587875816667055628e-01
2.236180904522613275e+02 1.588203523034915354e-01
2.261306532663316773e+02 1.587637752642321320e-01
2.286432160804020270e+02 1.587491115486025506e-01
2.311557788944723768e+02 1.587439072279387409e-01
2.336683417085427266e+02 1.587301839194536213e-01
2.361809045226130763e+02 1.586957245456794285e-01
2.386934673366834261e+02 1.586926770542269327e-01
2.412060301507538043e+02 1.586108018261853103e-01
2.437185929648241540e+02 1.586576897280251586e-01
2.462311557788945038e+02 1.586884075365107005e-01
2.487437185929648535e+02 1.585893419843598939e-01
2.512562814070352033e+02 1.586019529131353634e-01
2.537688442211055531e+02 1.585996255561558099e-01
2.562814070351759028e+02 1.585669626674198474e-01
2.587939698492462526e+02 1.585827674438666790e-01
2.613065326633166023e+02 1.585593125532294423e-01
2.638190954773869521e+02 1.585096101101307331e-01
2.663316582914573019e+02 1.585170565177165536e-01
2.688442211055276516e+02 1.585068553464800134e-01
2.713567839195980014e+02 1.585093573454440241e-01
2.738693467336683511e+02 1.584975853999020245e-01
2.763819095477387009e+02 1.585005167135803694e-01
2.788944723618090507e+02 1.584650492106182418e-01
2.814070351758794004e+02 1.584642074596750161e-01
2.839195979899497502e+02 1.584514925608916658e-01
2.864321608040200999e+02 1.584177920910956605e-01
2.889447236180904497e+02 1.584288313949219207e-01
2.914572864321608563e+02 1.584661549223200516e-01
2.939698492462312061e+02 1.583686094650459120e-01
2.964824120603015558e+02 1.584072902808770222e-01
2.989949748743719056e+02 1.583709068302932288e-01
3.015075376884422553e+02 1.583997249727015499e-01
3.040201005025126051e+02 1.583007601988194180e-01
3.065326633165829548e+02 1.583995645995415757e-01
3.090452261306533046e+02 1.583302878862083707e-01
3.115577889447236544e+02 1.583582279779502389e-01
3.140703517587940041e+02 1.583279173669238926e-01
3.165829145728643539e+02 1.583891763256920215e-01
3.190954773869347036e+02 1.583313841669137523e-01
3.216080402010050534e+02 1.582862550996969597e-01
3.241206030150754032e+02 1.582999254720748317e-01
3.266331658291457529e+02 1.583098200894458019e-01
3.291457286432161027e+02 1.583231402063093873e-01
3.316582914572864524e+02 1.582794128617802387e-01
3.341708542713568022e+02 1.582643997596831220e-01
3.366834170854271520e+02 1.582750196983113700e-01
3.391959798994975017e+02 1.582463212772014793e-01
3.417085427135678515e+02 1.582388453405924322e-01
3.442211055276382012e+02 1.582104447177430373e-01
3.467336683417085510e+02 1.583070505324554456e-01
3.492462311557789008e+02 1.583104629377668215e-01
3.517587939698492505e+02 1.582176656639770473e-01
3.542713567839196571e+02 1.582389551946954409e-01
3.567839195979900069e+02 1.582522876745572626e-01
3.592964824120603566e+02 1.582537728613237216e-01
3.618090452261307064e+02 1.582259981854468311e-01
3.643216080402010562e+02 1.582563235553386405e-01
3.668341708542714059e+02 1.582362833961847015e-01
3.693467336683417557e+02 1.582363141036277621e-01
3.718592964824121054e+02 1.582025830934595534e-01
3.743718592964824552e+02 1.582127530756512468e-01
3.768844221105528050e+02 1.582311280600832426e-01
3.793969849246231547e+02 1.582024920080810637e-01
3.819095477386935045e+02 1.581771204583785340e-01
3.844221105527638542e+02 1.582181029680894413e-01
3.869346733668342040e+02 1.581838759549590023e-01
3.894472361809045537e+02 1.582226344543064267e-01
3.919597989949749035e+02 1.581617584680385658e-01
3.944723618090452533e+02 1.581805310942235310e-01
3.969849246231156030e+02 1.581714456567304694e-01
3.994974874371859528e+02 1.581796909880877622e-01
4.020100502512563025e+02 1.581634610470335212e-01
4.045226130653266523e+02 1.582238657622783984e-01
4.070351758793970021e+02 1.581732964470994596e-01
4.095477386934673518e+02 1.582127464295895181e-01
4.120603015075377016e+02 1.581724727288216781e-01
4.145728643216080513e+02 1.581429174205315757e-01
4.170854271356784011e+02 1.581640922983544029e-01
4.195979899497488077e+02 1.581158466627581860e-01
4.221105527638191575e+02 1.581927514365590037e-01
4.246231155778895072e+02 1.581533548935131483e-01
4.271356783919598570e+02 1.581688785358464910e-01
4.296482412060302067e+02 1.581506780236132392e-01
4.321608040201005565e+02 1.581621928344050243e-01
4.346733668341709063e+02 1.581240971827028163e-01
4.371859296482412560e+02 1.581471629462583850e-01
4.396984924623116058e+02 1.581550989948381780e-01
4.422110552763819555e+02 1.581384842539435842e-01
4.447236180904523053e+02 1.581843325601853534e-01
4.472361809045226551e+02 1.581130604182175159e-01
4.497487437185930048e+02 1.581415377060474969e-01
4.522613065326633546e+02 1.581779703923739677e-01
4.547738693467337043e+02 1.581124632318086087e-01
4.572864321608040541e+02 1.581179869358380619e-01
4.597989949748744039e+02 1.581364638238079989e-01
4.623115577889447536e+02 1.581125146102999590e-01
4.648241206030151034e+02 1.581200621087850977e-01
4.673366834170854531e+02 1.580807562749406148e-01
4.698492462311558029e+02 1.581439077372061019e-01
4.723618090452261526e+02 1.581683079419664018e-01
4.748743718592965024e+02 1.581122497820837969e-01
4.773869346733668522e+02 1.581655675209461265e-01
4.798994974874372019e+02 1.581083599908419124e-01
4.824120603015076085e+02 1.581075729084014669e-01
4.849246231155779583e+02 1.580797904139416843e-01
4.874371859296483080e+02 1.580800602961352497e-01
4.899497487437186578e+02 1.580848015894709135e-01
4.924623115577890076e+02 1.580848233036065420e-01
4.949748743718593573e+02 1.580535945239066042e-01
4.974874371859297071e+02 1.580914822182345747e-01
5.000000000000000000e+02 1.581969932935310130e-01
