# r_nm potential_V
0.000000000000000000e+00 1.786963129483371271e-01
2.512562814070351980e+00 1.780969989805291642e-01
5.025125628140703959e+00 1.776099765782738482e-01
7.537688442211056383e+00 1.771664970022295005e-01
1.005025125628140792e+01 1.764455418489948302e-01
1.256281407035175945e+01 1.756824992233634586e-01
1.507537688442211277e+01 1.749117698813962285e-01
1.758793969849246253e+01 1.738984836625578345e-01
2.010050251256281584e+01 1.729851422518963455e-01
2.261306532663316915e+01 1.719723109261906968e-01
2.512562814070351891e+01 1.710649879133261109e-01
2.763819095477387222e+01 1.701442178901537983e-01
3.015075376884422553e+01 1.693139245293450446e-01
3.266331658291457529e+01 1.684390667646525341e-01
3.517587939698492505e+01 1.676948871778151939e-01
3.768844221105528192e+01 1.669505190768973135e-01
4.020100502512563168e+01 1.662493214120804863e-01
4.271356783919598143e+01 1.656787466714903789e-01
4.522613065326633830e+01 1.650347399134754478e-01
4.773869346733668806e+01 1.646031473645168663e-01
5.025125628140703782e+01 1.641363544747596881e-01
5.276381909547739468e+01 1.637216002812100779e-01
5.527638190954774444e+01 1.633248449194826535e-01
5.778894472361809420e+01 1.629557598740332403e-01
6.030150753768845107e+01 1.627020365483996256e-01
6.281407035175880083e+01 1.623874711169489837e-01
6.532663316582915058e+01 1.621503006362622346e-01
6.783919597989950034e+01 1.618719242823040694e-01
7.035175879396985010e+01 1.616369139969814905e-01
7.286432160804021407e+01 1.613986534737384682e-01
7.537688442211056383e+01 1.612598038035980841e-01
7.788944723618091359e+01 1.610539636483007131e-01
8.040201005025126335e+01 1.609239299919893451e-01
8.291457286432161311e+01 1.608432539187433508e-01
8.542713567839196287e+01 1.606529306544055846e-01
8.793969849246231263e+01 1.605442780236935874e-01
9.045226130653267660e+01 1.604344582766764338e-01
9.296482412060302636e+01 1.603285593666383957e-01
9.547738693467337612e+01 1.601834016667289806e-01
9.798994974874372588e+01 1.601407034220963532e-01
1.005025125628140756e+02 1.600647945795925509e-01
1.030150753768844254e+02 1.598952520304948721e-01
1.055276381909547894e+02 1.597990789821815694e-01
1.080402010050251391e+02 1.598416551953078524e-01
1.105527638190954889e+02 1.597471468649062087e-01
1.130653266331658386e+02 1.596744651768967904e-01
1.155778894472361884e+02 1.595375931554725291e-01
1.180904522613065382e+02 1.595563161077210856e-01
1.206030150753769021e+02 1.594951181824296182e-01
1.231155778894472519e+02 1.594336539802912178e-01
1.256281407035176017e+02 1.593872799189376133e-01
1.281407035175879514e+02 1.593683024060676134e-01
1.306532663316583012e+02 1.593223499689767897e-01
1.331658291457286509e+02 1.592368409850857536e-01
1.356783919597990007e+02 1.592156942889126348e-01
1.381909547738693504e+02 1.591740610139271150e-01
1.407035175879397002e+02 1.591377954855157650e-01
1.432160804020100500e+02 1.590401692196753147e-01
1.457286432160804281e+02 1.590658799657766742e-01
1.482412060301507779e+02 1.590206122130966848e-01
1.507537688442211277e+02 1.590070632175810961e-01
1.532663316582914774e+02 1.589812467161164922e-01
1.557788944723618272e+02 1.589536298851008944e-01
1.582914572864321769e+02 1.588853658582597417e-01
1.608040201005025267e+02 1.588287603885106258e-01
1.633165829145728765e+02 1.588847584820453629e-01
1.658291457286432262e+02 1.588496109042851212e-01
1.683417085427135760e+02 1.588281699498385324e-01
1.708542713567839257e+02 1.588037327246726305e-01
1.733668341708542755e+02 1.587759354752320828e-01
1.758793969849246253e+02 1.587670682020354551e-01
1.783919597989950034e+02 1.587301061166967453e-01
1.809045226130653532e+02 1.587168653673435570e-01
1.834170854271357030e+02 1.586844194923364704e-01
1.859296482412060527e+02 1.586444036557796700e-01
1.884422110552764025e+02 1.586705158161493823e-01
1.909547738693467522e+02 1.586401427424368737e-01
1.934673366834171020e+02 1.586185324730330082e-01
1.959798994974874518e+02 1.585752034375759734e-01
1.984924623115578015e+02 1.586149339817327364e-01
2.010050251256281513e+02 1.585816106262228353e-01
2.035175879396985010e+02 1.585822242021055484e-01
2.060301507537688508e+02 1.585349048118927240e-01
2.085427135678392006e+02 1.585192953123995274e-01
2.110552763819095787e+02 1.585108807730789271e-01
2.135678391959799285e+02 1.584945122606677970e-01
2.160804020100502782e+02 1.584721637498250069e-01
2.185929648241206280e+02 1.584754863464236385e-01
2.211055276381909778e+02 1.584528966649835224e-01
2.236180904522613275e+02 1.584932728610775055e-01
2.261306532663316773e+02 1.584449754042205616e-01
2.286432160804020270e+02 1.584380628220660170e-01
2.311557788944723768e+02 1.584401920892089533e-01
2.336683417085427266e+02 1.584337087957884416e-01
2.361809045226130763e+02 1.584064806596381103e-01
2.386934673366834261e+02 1.584102013121948815e-01
2.412060301507538043e+02 1.583354788536663060e-01
2.437185929648241540e+02 1.583883581234113991e-01
2.462311557788945038e+02 1.584250376509205305e-01
2.487437185929648535e+02 1.583327134969670924e-01
2.512562814070352033e+02 1.583511030837747302e-01
2.537688442211055531e+02 1.583544659256791443e-01
2.562814070351759028e+02 1.583275285647818276e-01
2.587939698492462526e+02 1.583486126590584464e-01
2.613065326633166023e+02 1.583305590275842778e-01
2.638190954773869521e+02 1.582862912471362238e-01
2.663316582914573019e+02 1.582986762944713910e-01
2.688442211055276516e+02 1.582933847365680380e-01
2.713567839195980014e+02 1.583005930679206585e-01
2.738693467336683511e+02 1.582934972749853175e-01
2.763819095477387009e+02 1.583008844712225915e-01
2.788944723618090507e+02 1.582699464848823512e-01
2.814070351758794004e+02 1.582733758458587103e-01
2.839195979899497502e+02 1.582648050768700465e-01
2.864321608040200999e+02 1.582353706180047170e-01
2.889447236180904497e+02 1.582502312146933654e-01
2.914572864321608563e+02 1.582911647616303541e-01
2.939698492462312061e+02 1.581977943910753970e-01
2.964824120603015558e+02 1.582399996138801890e-01
2.989949748743719056e+02 1.582072925744896219e-01
3.015075376884422553e+02 1.582393359413830358e-01
3.040201005025126051e+02 1.581441356420395239e-01
3.065326633165829548e+02 1.582457614053123796e-01
3.090452261306533046e+02 1.581799442551258539e-01
3.115577889447236544e+02 1.582108853699426276e-01
3.140703517587940041e+02 1.581836918075496534e-01
3.165829145728643539e+02 1.582476367133448525e-01
3.190954773869347036e+02 1.581928818264544678e-01
3.216080402010050534e+02 1.581506699990479770e-01
3.241206030150754032e+02 1.581669911202957524e-01
3.266331658291457529e+02 1.581794652212777930e-01
3.291457286432161027e+02 1.581953366824059293e-01
3.316582914572864524e+02 1.581542442639110035e-01
3.341708542713568022e+02 1.581416310941864689e-01
3.366834170854271520e+02 1.581545779245141226e-01
3.391959798994975017e+02 1.581282830502515890e-01
3.417085427135678515e+02 1.581230765092032087e-01
3.442211055276382012e+02 1.580969337455729595e-01
3.467336683417085510e+02 1.581953512941804696e-01
3.492462311557789008e+02 1.582008334110270031e-01
3.517587939698492505e+02 1.581103165056164384e-01
3.542713567839196571e+02 1.581334571091537466e-01
3.567839195979900069e+02 1.581486347875015186e-01
3.592964824120603566e+02 1.581519386725846743e-01
3.618090452261307064e+02 1.581260164997977391e-01
3.643216080402010562e+02 1.581580161462208256e-01
3.668341708542714059e+02 1.581396918432357024e-01
3.693467336683417557e+02 1.581413393515742616e-01
3.718592964824121054e+02 1.581092724022340745e-01
3.743718592964824552e+02 1.581209325613000261e-01
3.768844221105528050e+02 1.581407680689508322e-01
3.793969849246231547e+02 1.581136522606415018e-01
3.819095477386935045e+02 1.580897477934037343e-01
3.844221105527638542e+02 1.581320000252304236e-01
3.869346733668342040e+02 1.580991870708228775e-01
3.894472361809045537e+02 1.581391391310905392e-01
3.919597989949749035e+02 1.580796308469315237e-01
3.944723618090452533e+02 1.580995407107849415e-01
3.969849246231156030e+02 1.580916335618525181e-01
3.994974874371859528e+02 1.581009990032004042e-01
4.020100502512563025e+02 1.580859184453018984e-01
4.045226130653266523e+02 1.581472588430135329e-01
4.070351758793970021e+02 1.580978163333668363e-01
4.095477386934673518e+02 1.581381645359455912e-01
4.120603015075377016e+02 1.580989022383880727e-01
4.145728643216080513e+02 1.580703048255813759e-01
4.170854271356784011e+02 1.580922969822911306e-01
4.195979899497488077e+02 1.580450036645439371e-01
4.221105527638191575e+02 1.581225928696110561e-01
4.246231155778895072e+02 1.580840701914392188e-01
4.271356783919598570e+02 1.581003084765606193e-01
4.296482412060302067e+02 1.580828812948082696e-01
4.321608040201005565e+02 1.580950513674712343e-01
4.346733668341709063e+02 1.580576919037126327e-01
4.371859296482412560e+02 1.580813795471490979e-01
4.396984924623116058e+02 1.580899151553815940e-01
4.422110552763819555e+02 1.580739043233372887e-01
4.447236180904523053e+02 1.581202062904639438e-01
4.472361809045226551e+02 1.580495723142114617e-01
4.497487437185930048e+02 1.580785099302135788e-01
4.522613065326633546e+02 1.581153447520539101e-01
4.547738693467337043e+02 1.580503827713767573e-01
4.572864321608040541e+02 1.580563190763854819e-01
4.597989949748744039e+02 1.580751579351418745e-01
4.623115577889447536e+02 1.580516114925861193e-01
4.648241206030151034e+02 1.580594740651284913e-01
4.673366834170854531e+02 1.580205365625423353e-01
4.698492462311558029e+02 1.580838750103011614e-01
4.723618090452261526e+02 1.581085154648000923e-01
4.748743718592965024e+02 1.580528027814690484e-01
4.773869346733668522e+02 1.581062526175813776e-01
4.798994974874372019e+02 1.580493165334311556e-01
4.824120603015076085e+02 1.580486681839846641e-01
4.849246231155779583e+02 1.580210609215383921e-01
4.874371859296483080e+02 1.580214356647604013e-01
4.899497487437186578e+02 1.580262762067222160e-01
4.924623115577890076e+02 1.580263877937726491e-01
4.949748743718593573e+02 1.579952509428894647e-01
4.974874371859297071e+02 1.580330857505937436e-01
5.000000000000000000e+02 1.581383941662521109e-01
