# r_nm potential_V
0.000000000000000000e+00 1.742992848549177187e-01
2.512562814070351980e+00 1.737731437642789645e-01
5.025125628140703959e+00 1.733639776710164671e-01
7.537688442211056383e+00 1.730122432054601034e-01
1.005025125628140792e+01 1.724287485530807962e-01
1.256281407035175945e+01 1.718211185528605023e-01
1.507537688442211277e+01 1.712190745855063645e-01
1.758793969849246253e+01 1.704025389824101178e-01
2.010050251256281584e+01 1.696816067683690199e-01
2.261306532663316915e+01 1.688759997524330314e-01
2.512562814070351891e+01 1.681644527047750082e-01
2.763819095477387222e+01 1.674359348273051218e-01
3.015075376884422553e+01 1.667902135096250293e-01
3.266331658291457529e+01 1.660946042123035149e-01
3.517587939698492505e+01 1.655156147710081793e-01
3.768844221105528192e+01 1.649270730821898179e-01
4.020100502512563168e+01 1.643705734697156196e-01
4.271356783919598143e+01 1.639317940951791064e-01
4.522613065326633830e+01 1.634140011435857576e-01
4.773869346733668806e+01 1.630908091797085013e-01
5.025125628140703782e+01 1.627268625184088990e-01
5.276381909547739468e+01 1.624054080704008529e-01
5.527638190954774444e+01 1.620953016272779768e-01
5.778894472361809420e+01 1.618049294264896631e-01
6.030150753768845107e+01 1.616209863630888588e-01
6.281407035175880083e+01 1.613727196724771551e-01
6.532663316582915058e+01 1.611948447771151538e-01
6.783919597989950034e+01 1.609721422448235073e-01
7.035175879396985010e+01 1.607876148739188216e-01
7.286432160804021407e+01 1.605957690609299826e-01
7.537688442211056383e+01 1.604978212378782021e-01
7.788944723618091359e+01 1.603319105594843974e-01
8.040201005025126335e+01 1.602373103553056122e-01
8.291457286432161311e+01 1.601889563895207147e-01
8.542713567839196287e+01 1.600304857054386798e-01
8.793969849246231263e+01 1.599501536338804875e-01
9.045226130653267660e+01 1.598669664625736453e-01
9.296482412060302636e+01 1.597856385761589615e-01
9.547738693467337612e+01 1.596645704941390131e-01
9.798994974874372588e+01 1.596427343292117496e-01
1.005025125628140756e+02 1.595867915359250044e-01
1.030150753768844254e+02 1.594375234023733823e-01
1.055276381909547894e+02 1.593596673887569259e-01
1.080402010050251391e+02 1.594177673899741521e-01
1.105527638190954889e+02 1.593396159073101337e-01
1.130653266331658386e+02 1.592821386128437100e-01
1.155778894472361884e+02 1.591603615740460054e-01
1.180904522613065382e+02 1.591916448741443058e-01
1.206030150753769021e+02 1.591432442666911584e-01
1.231155778894472519e+02 1.590940376374986309e-01
1.256281407035176017e+02 1.590591731444064016e-01
1.281407035175879514e+02 1.590509177241671845e-01
1.306532663316583012e+02 1.590154448589054803e-01
1.331658291457286509e+02 1.589402344453977878e-01
1.356783919597990007e+02 1.589284798520128050e-01
1.381909547738693504e+02 1.588959235887495436e-01
1.407035175879397002e+02 1.588682458659253227e-01
1.432160804020100500e+02 1.587793513705370030e-01
1.457286432160804281e+02 1.588126639200489465e-01
1.482412060301507779e+02 1.587751637697558393e-01
1.507537688442211277e+02 1.587687957498646052e-01
1.532663316582914774e+02 1.587499255702203016e-01
1.557788944723618272e+02 1.587289943799734815e-01
1.582914572864321769e+02 1.586673896821861052e-01
1.608040201005025267e+02 1.586172789543089101e-01
1.633165829145728765e+02 1.586788039024219499e-01
1.658291457286432262e+02 1.586495258520754237e-01
1.683417085427135760e+02 1.586336886778588473e-01
1.708542713567839257e+02 1.586146544640710254e-01
1.733668341708542755e+02 1.585920777419265182e-01
1.758793969849246253e+02 1.585881263779235495e-01
1.783919597989950034e+02 1.585560748153992949e-01
1.809045226130653532e+02 1.585474887200380711e-01
1.834170854271357030e+02 1.585195876954786087e-01
1.859296482412060527e+02 1.584840335163402725e-01
1.884422110552764025e+02 1.585141763579446805e-01
1.909547738693467522e+02 1.584879223182103225e-01
1.934673366834171020e+02 1.584703395120414804e-01
1.959798994974874518e+02 1.584309169069181289e-01
1.984924623115578015e+02 1.584741333820632592e-01
2.010050251256281513e+02 1.584444861286648798e-01
2.035175879396985010e+02 1.584485295805006799e-01
2.060301507537688508e+02 1.584047710846620827e-01
2.085427135678392006e+02 1.583924309813975750e-01
2.110552763819095787e+02 1.583871730049411786e-01
2.135678391959799285e+02 1.583738851894308519e-01
2.160804020100502782e+02 1.583545730427461107e-01
2.185929648241206280e+02 1.583607227276403462e-01
2.211055276381909778e+02 1.583409573282745508e-01
2.236180904522613275e+02 1.583838871342036769e-01
2.261306532663316773e+02 1.583383664403731073e-01
2.286432160804020270e+02 1.583340537467504139e-01
2.311557788944723768e+02 1.583386429837529141e-01
2.336683417085427266e+02 1.583345876465616642e-01
2.361809045226130763e+02 1.583097836424322835e-01
2.386934673366834261e+02 1.583157735274777489e-01
2.412060301507538043e+02 1.582434476519083977e-01
2.437185929648241540e+02 1.582983362162209140e-01
2.462311557788945038e+02 1.583370143513786743e-01
2.487437185929648535e+02 1.582469477441869055e-01
2.512562814070352033e+02 1.582672738193524609e-01
2.537688442211055531e+02 1.582725431595311261e-01
2.562814070351759028e+02 1.582475234397241748e-01
2.587939698492462526e+02 1.582703761272192533e-01
2.613065326633166023e+02 1.582541311988615307e-01
2.638190954773869521e+02 1.582116827800958414e-01
2.663316582914573019e+02 1.582257216043056469e-01
2.688442211055276516e+02 1.582220737193726634e-01
2.713567839195980014e+02 1.582308576915879283e-01
2.738693467336683511e+02 1.582253270941127998e-01
2.763819095477387009e+02 1.582342057446067540e-01
2.788944723618090507e+02 1.582047834374917250e-01
2.814070351758794004e+02 1.582096420927261160e-01
2.839195979899497502e+02 1.582024580388014245e-01
2.864321608040200999e+02 1.581744505986916183e-01
2.889447236180904497e+02 1.581905898265980326e-01
2.914572864321608563e+02 1.582327313991103990e-01
2.939698492462312061e+02 1.581407569194524798e-01
2.964824120603015558e+02 1.581841411333602676e-01
2.989949748743719056e+02 1.581526635029472938e-01
3.015075376884422553e+02 1.581857858132381112e-01
3.040201005025126051e+02 1.580918438563734540e-01
3.065326633165829548e+02 1.581944136496318543e-01
3.090452261306533046e+02 1.581297528920820317e-01
3.115577889447236544e+02 1.581616974705120637e-01
3.140703517587940041e+02 1.581355459083826909e-01
3.165829145728643539e+02 1.582003890324063800e-01
3.190954773869347036e+02 1.581466492439147498e-01
3.216080402010050534e+02 1.581054123886108387e-01
3.241206030150754032e+02 1.581226195673424151e-01
3.266331658291457529e+02 1.581359558827020173e-01
3.291457286432161027e+02 1.581526800263302612e-01
3.316582914572864524e+02 1.581124680454159548e-01
3.341708542713568022e+02 1.581006569578699006e-01
3.366834170854271520e+02 1.581143813719849134e-01
3.391959798994975017e+02 1.580888894987086957e-01
3.417085427135678515e+02 1.580844411911475900e-01
3.442211055276382012e+02 1.580590527297404957e-01
3.467336683417085510e+02 1.581580758549776533e-01
3.492462311557789008e+02 1.581642494010500888e-01
3.517587939698492505e+02 1.580744940365418905e-01
3.542713567839196571e+02 1.580982530965625299e-01
3.567839195979900069e+02 1.581140471983843443e-01
3.592964824120603566e+02 1.581179585901992535e-01
3.618090452261307064e+02 1.580926551344137565e-01
3.643216080402010562e+02 1.581252140542913909e-01
3.668341708542714059e+02 1.581074628098156631e-01
3.693467336683417557e+02 1.581096503233015149e-01
3.718592964824121054e+02 1.580781390599246272e-01
3.743718592964824552e+02 1.580902969214001419e-01
3.768844221105528050e+02 1.581106202050437948e-01
3.793969849246231547e+02 1.580840120100280022e-01
3.819095477386935045e+02 1.580605974060181051e-01
3.844221105527638542e+02 1.581032737033142288e-01
3.869346733668342040e+02 1.580709328596104357e-01
3.894472361809045537e+02 1.581112835169182773e-01
3.919597989949749035e+02 1.580522318294588779e-01
3.944723618090452533e+02 1.580725214614864815e-01
3.969849246231156030e+02 1.580650077149032828e-01
3.994974874371859528e+02 1.580747471282506478e-01
4.020100502512563025e+02 1.580600502697300513e-01
4.045226130653266523e+02 1.581217031232846626e-01
4.070351758793970021e+02 1.580726367252980324e-01
4.095477386934673518e+02 1.581132848564120175e-01
4.120603015075377016e+02 1.580743601660365982e-01
4.145728643216080513e+02 1.580460825018343285e-01
4.170854271356784011e+02 1.580683475309924424e-01
4.195979899497488077e+02 1.580213720556071233e-01
4.221105527638191575e+02 1.580991898051901934e-01
4.246231155778895072e+02 1.580609587772629776e-01
4.271356783919598570e+02 1.580774356403462921e-01
4.296482412060302067e+02 1.580602665705871934e-01
4.321608040201005565e+02 1.580726553925188849e-01
4.346733668341709063e+02 1.580355416192673057e-01
4.371859296482412560e+02 1.580594368400930760e-01
4.396984924623116058e+02 1.580681725719728370e-01
4.422110552763819555e+02 1.580523632966776837e-01
4.447236180904523053e+02 1.580988167376495002e-01
4.472361809045226551e+02 1.580283957039346210e-01
4.497487437185930048e+02 1.580574869732409848e-01
4.522613065326633546e+02 1.580944560479684846e-01
4.547738693467337043e+02 1.580296759757887914e-01
4.572864321608040541e+02 1.580357499873784044e-01
4.597989949748744039e+02 1.580547096692531961e-01
4.623115577889447536e+02 1.580312976320295826e-01
4.648241206030151034e+02 1.580392653743039055e-01
4.673366834170854531e+02 1.580004507763113908e-01
4.698492462311558029e+02 1.580638516803808680e-01
4.723618090452261526e+02 1.580885723265748055e-01
4.748743718592965024e+02 1.580329748897900677e-01
4.773869346733668522e+02 1.580864688528939299e-01
4.798994974874372019e+02 1.580296233237325487e-01
4.824120603015076085e+02 1.580290212953275042e-01
4.849246231155779583e+02 1.580014725000972176e-01
4.874371859296483080e+02 1.580018822492836594e-01
4.899497487437186578e+02 1.580067559087175166e-01
4.924623115577890076e+02 1.580068974771698109e-01
4.949748743718593573e+02 1.579757912879606319e-01
4.974874371859297071e+02 1.580136084837419630e-01
5.000000000000000000e+02 1.581188493631327519e-01
